service_id,date,exception_type
1,20250421,2
1,20250505,2
2,20250701,2
2,20251007,2
3,20250421,2
3,20250505,2
3,20250701,2
3,20251007,2
4,20250101,2
4,20250129,2
4,20251001,2
4,20251029,2
5,20250101,2
5,20250129,2
5,20250421,2
5,20250505,2
5,20251001,2
5,20251029,2
6,20250101,2
6,20250129,2
6,20250701,2
6,20251001,2
6,20251007,2
6,20251029,2
7,20250101,2
7,20250129,2
7,20250421,2
7,20250505,2
7,20250701,2
7,20251001,2
7,20251007,2
7,20251029,2
8,20250130,2
8,20250501,2
8,20251225,2
9,20250130,2
9,20250421,2
9,20250501,2
9,20250505,2
9,20251225,2
10,20250130,2
10,20250501,2
10,20250701,2
10,20251007,2
10,20251225,2
11,20250130,2
11,20250421,2
11,20250501,2
11,20250505,2
11,20250701,2
11,20251007,2
11,20251225,2
12,20250101,2
12,20250129,2
12,20250130,2
12,20250501,2
12,20251001,2
12,20251029,2
12,20251225,2
13,20250101,2
13,20250129,2
13,20250130,2
13,20250421,2
13,20250501,2
13,20250505,2
13,20251001,2
13,20251029,2
13,20251225,2
14,20250101,2
14,20250129,2
14,20250130,2
14,20250501,2
14,20250701,2
14,20251001,2
14,20251007,2
14,20251029,2
14,20251225,2
15,20250101,2
15,20250129,2
15,20250130,2
15,20250421,2
15,20250501,2
15,20250505,2
15,20250701,2
15,20251001,2
15,20251007,2
15,20251029,2
15,20251225,2
16,20250131,2
16,20250404,2
16,20250418,2
16,20251226,2
17,20250131,2
17,20250404,2
17,20250418,2
17,20250421,2
17,20250505,2
17,20251226,2
18,20250131,2
18,20250404,2
18,20250418,2
18,20250701,2
18,20251007,2
18,20251226,2
19,20250131,2
19,20250404,2
19,20250418,2
19,20250421,2
19,20250505,2
19,20250701,2
19,20251007,2
19,20251226,2
20,20250101,2
20,20250129,2
20,20250131,2
20,20250404,2
20,20250418,2
20,20251001,2
20,20251029,2
20,20251226,2
21,20250101,2
21,20250129,2
21,20250131,2
21,20250404,2
21,20250418,2
21,20250421,2
21,20250505,2
21,20251001,2
21,20251029,2
21,20251226,2
22,20250101,2
22,20250129,2
22,20250131,2
22,20250404,2
22,20250418,2
22,20250701,2
22,20251001,2
22,20251007,2
22,20251029,2
22,20251226,2
23,20250101,2
23,20250129,2
23,20250131,2
23,20250404,2
23,20250418,2
23,20250421,2
23,20250505,2
23,20250701,2
23,20251001,2
23,20251007,2
23,20251029,2
23,20251226,2
24,20250130,2
24,20250131,2
24,20250404,2
24,20250418,2
24,20250501,2
24,20251225,2
24,20251226,2
25,20250130,2
25,20250131,2
25,20250404,2
25,20250418,2
25,20250421,2
25,20250501,2
25,20250505,2
25,20251225,2
25,20251226,2
26,20250130,2
26,20250131,2
26,20250404,2
26,20250418,2
26,20250501,2
26,20250701,2
26,20251007,2
26,20251225,2
26,20251226,2
27,20250130,2
27,20250131,2
27,20250404,2
27,20250418,2
27,20250421,2
27,20250501,2
27,20250505,2
27,20250701,2
27,20251007,2
27,20251225,2
27,20251226,2
28,20250101,2
28,20250129,2
28,20250130,2
28,20250131,2
28,20250404,2
28,20250418,2
28,20250501,2
28,20251001,2
28,20251029,2
28,20251225,2
28,20251226,2
29,20250101,2
29,20250129,2
29,20250130,2
29,20250131,2
29,20250404,2
29,20250418,2
29,20250421,2
29,20250501,2
29,20250505,2
29,20251001,2
29,20251029,2
29,20251225,2
29,20251226,2
30,20250101,2
30,20250129,2
30,20250130,2
30,20250131,2
30,20250404,2
30,20250418,2
30,20250501,2
30,20250701,2
30,20251001,2
30,20251007,2
30,20251029,2
30,20251225,2
30,20251226,2
31,20250101,2
31,20250129,2
31,20250130,2
31,20250131,2
31,20250404,2
31,20250418,2
31,20250421,2
31,20250501,2
31,20250505,2
31,20250701,2
31,20251001,2
31,20251007,2
31,20251029,2
31,20251225,2
31,20251226,2
32,20250419,2
32,20250531,2
33,20250419,2
33,20250421,2
33,20250505,2
33,20250531,2
34,20250419,2
34,20250531,2
34,20250701,2
34,20251007,2
35,20250419,2
35,20250421,2
35,20250505,2
35,20250531,2
35,20250701,2
35,20251007,2
36,20250101,2
36,20250129,2
36,20250419,2
36,20250531,2
36,20251001,2
36,20251029,2
37,20250101,2
37,20250129,2
37,20250419,2
37,20250421,2
37,20250505,2
37,20250531,2
37,20251001,2
37,20251029,2
38,20250101,2
38,20250129,2
38,20250419,2
38,20250531,2
38,20250701,2
38,20251001,2
38,20251007,2
38,20251029,2
39,20250101,2
39,20250129,2
39,20250419,2
39,20250421,2
39,20250505,2
39,20250531,2
39,20250701,2
39,20251001,2
39,20251007,2
39,20251029,2
40,20250130,2
40,20250419,2
40,20250501,2
40,20250531,2
40,20251225,2
41,20250130,2
41,20250419,2
41,20250421,2
41,20250501,2
41,20250505,2
41,20250531,2
41,20251225,2
42,20250130,2
42,20250419,2
42,20250501,2
42,20250531,2
42,20250701,2
42,20251007,2
42,20251225,2
43,20250130,2
43,20250419,2
43,20250421,2
43,20250501,2
43,20250505,2
43,20250531,2
43,20250701,2
43,20251007,2
43,20251225,2
44,20250101,2
44,20250129,2
44,20250130,2
44,20250419,2
44,20250501,2
44,20250531,2
44,20251001,2
44,20251029,2
44,20251225,2
45,20250101,2
45,20250129,2
45,20250130,2
45,20250419,2
45,20250421,2
45,20250501,2
45,20250505,2
45,20250531,2
45,20251001,2
45,20251029,2
45,20251225,2
46,20250101,2
46,20250129,2
46,20250130,2
46,20250419,2
46,20250501,2
46,20250531,2
46,20250701,2
46,20251001,2
46,20251007,2
46,20251029,2
46,20251225,2
47,20250101,2
47,20250129,2
47,20250130,2
47,20250419,2
47,20250421,2
47,20250501,2
47,20250505,2
47,20250531,2
47,20250701,2
47,20251001,2
47,20251007,2
47,20251029,2
47,20251225,2
48,20250131,2
48,20250404,2
48,20250418,2
48,20250419,2
48,20250531,2
48,20251226,2
49,20250131,2
49,20250404,2
49,20250418,2
49,20250419,2
49,20250421,2
49,20250505,2
49,20250531,2
49,20251226,2
50,20250131,2
50,20250404,2
50,20250418,2
50,20250419,2
50,20250531,2
50,20250701,2
50,20251007,2
50,20251226,2
51,20250131,2
51,20250404,2
51,20250418,2
51,20250419,2
51,20250421,2
51,20250505,2
51,20250531,2
51,20250701,2
51,20251007,2
51,20251226,2
52,20250101,2
52,20250129,2
52,20250131,2
52,20250404,2
52,20250418,2
52,20250419,2
52,20250531,2
52,20251001,2
52,20251029,2
52,20251226,2
53,20250101,2
53,20250129,2
53,20250131,2
53,20250404,2
53,20250418,2
53,20250419,2
53,20250421,2
53,20250505,2
53,20250531,2
53,20251001,2
53,20251029,2
53,20251226,2
54,20250101,2
54,20250129,2
54,20250131,2
54,20250404,2
54,20250418,2
54,20250419,2
54,20250531,2
54,20250701,2
54,20251001,2
54,20251007,2
54,20251029,2
54,20251226,2
55,20250101,2
55,20250129,2
55,20250131,2
55,20250404,2
55,20250418,2
55,20250419,2
55,20250421,2
55,20250505,2
55,20250531,2
55,20250701,2
55,20251001,2
55,20251007,2
55,20251029,2
55,20251226,2
56,20250130,2
56,20250131,2
56,20250404,2
56,20250418,2
56,20250419,2
56,20250501,2
56,20250531,2
56,20251225,2
56,20251226,2
57,20250130,2
57,20250131,2
57,20250404,2
57,20250418,2
57,20250419,2
57,20250421,2
57,20250501,2
57,20250505,2
57,20250531,2
57,20251225,2
57,20251226,2
58,20250130,2
58,20250131,2
58,20250404,2
58,20250418,2
58,20250419,2
58,20250501,2
58,20250531,2
58,20250701,2
58,20251007,2
58,20251225,2
58,20251226,2
59,20250130,2
59,20250131,2
59,20250404,2
59,20250418,2
59,20250419,2
59,20250421,2
59,20250501,2
59,20250505,2
59,20250531,2
59,20250701,2
59,20251007,2
59,20251225,2
59,20251226,2
60,20250101,2
60,20250129,2
60,20250130,2
60,20250131,2
60,20250404,2
60,20250418,2
60,20250419,2
60,20250501,2
60,20250531,2
60,20251001,2
60,20251029,2
60,20251225,2
60,20251226,2
61,20250101,2
61,20250129,2
61,20250130,2
61,20250131,2
61,20250404,2
61,20250418,2
61,20250419,2
61,20250421,2
61,20250501,2
61,20250505,2
61,20250531,2
61,20251001,2
61,20251029,2
61,20251225,2
61,20251226,2
62,20250101,2
62,20250129,2
62,20250130,2
62,20250131,2
62,20250404,2
62,20250418,2
62,20250419,2
62,20250501,2
62,20250531,2
62,20250701,2
62,20251001,2
62,20251007,2
62,20251029,2
62,20251225,2
62,20251226,2
63,20250101,2
63,20250129,2
63,20250130,2
63,20250131,2
63,20250404,2
63,20250418,2
63,20250419,2
63,20250421,2
63,20250501,2
63,20250505,2
63,20250531,2
63,20250701,2
63,20251001,2
63,20251007,2
63,20251029,2
63,20251225,2
63,20251226,2
65,20250421,2
65,20250505,2
66,20250701,2
66,20251007,2
67,20250421,2
67,20250505,2
67,20250701,2
67,20251007,2
68,20250101,2
68,20250129,2
68,20251001,2
68,20251029,2
69,20250101,2
69,20250129,2
69,20250421,2
69,20250505,2
69,20251001,2
69,20251029,2
70,20250101,2
70,20250129,2
70,20250701,2
70,20251001,2
70,20251007,2
70,20251029,2
71,20250101,2
71,20250129,2
71,20250421,2
71,20250505,2
71,20250701,2
71,20251001,2
71,20251007,2
71,20251029,2
72,20250130,2
72,20250501,2
72,20251225,2
73,20250130,2
73,20250421,2
73,20250501,2
73,20250505,2
73,20251225,2
74,20250130,2
74,20250501,2
74,20250701,2
74,20251007,2
74,20251225,2
75,20250130,2
75,20250421,2
75,20250501,2
75,20250505,2
75,20250701,2
75,20251007,2
75,20251225,2
76,20250101,2
76,20250129,2
76,20250130,2
76,20250501,2
76,20251001,2
76,20251029,2
76,20251225,2
77,20250101,2
77,20250129,2
77,20250130,2
77,20250421,2
77,20250501,2
77,20250505,2
77,20251001,2
77,20251029,2
77,20251225,2
78,20250101,2
78,20250129,2
78,20250130,2
78,20250501,2
78,20250701,2
78,20251001,2
78,20251007,2
78,20251029,2
78,20251225,2
79,20250101,2
79,20250129,2
79,20250130,2
79,20250421,2
79,20250501,2
79,20250505,2
79,20250701,2
79,20251001,2
79,20251007,2
79,20251029,2
79,20251225,2
80,20250131,2
80,20250404,2
80,20250418,2
80,20251226,2
81,20250131,2
81,20250404,2
81,20250418,2
81,20250421,2
81,20250505,2
81,20251226,2
82,20250131,2
82,20250404,2
82,20250418,2
82,20250701,2
82,20251007,2
82,20251226,2
83,20250131,2
83,20250404,2
83,20250418,2
83,20250421,2
83,20250505,2
83,20250701,2
83,20251007,2
83,20251226,2
84,20250101,2
84,20250129,2
84,20250131,2
84,20250404,2
84,20250418,2
84,20251001,2
84,20251029,2
84,20251226,2
85,20250101,2
85,20250129,2
85,20250131,2
85,20250404,2
85,20250418,2
85,20250421,2
85,20250505,2
85,20251001,2
85,20251029,2
85,20251226,2
86,20250101,2
86,20250129,2
86,20250131,2
86,20250404,2
86,20250418,2
86,20250701,2
86,20251001,2
86,20251007,2
86,20251029,2
86,20251226,2
87,20250101,2
87,20250129,2
87,20250131,2
87,20250404,2
87,20250418,2
87,20250421,2
87,20250505,2
87,20250701,2
87,20251001,2
87,20251007,2
87,20251029,2
87,20251226,2
88,20250130,2
88,20250131,2
88,20250404,2
88,20250418,2
88,20250501,2
88,20251225,2
88,20251226,2
89,20250130,2
89,20250131,2
89,20250404,2
89,20250418,2
89,20250421,2
89,20250501,2
89,20250505,2
89,20251225,2
89,20251226,2
90,20250130,2
90,20250131,2
90,20250404,2
90,20250418,2
90,20250501,2
90,20250701,2
90,20251007,2
90,20251225,2
90,20251226,2
91,20250130,2
91,20250131,2
91,20250404,2
91,20250418,2
91,20250421,2
91,20250501,2
91,20250505,2
91,20250701,2
91,20251007,2
91,20251225,2
91,20251226,2
92,20250101,2
92,20250129,2
92,20250130,2
92,20250131,2
92,20250404,2
92,20250418,2
92,20250501,2
92,20251001,2
92,20251029,2
92,20251225,2
92,20251226,2
93,20250101,2
93,20250129,2
93,20250130,2
93,20250131,2
93,20250404,2
93,20250418,2
93,20250421,2
93,20250501,2
93,20250505,2
93,20251001,2
93,20251029,2
93,20251225,2
93,20251226,2
94,20250101,2
94,20250129,2
94,20250130,2
94,20250131,2
94,20250404,2
94,20250418,2
94,20250501,2
94,20250701,2
94,20251001,2
94,20251007,2
94,20251029,2
94,20251225,2
94,20251226,2
95,20250101,2
95,20250129,2
95,20250130,2
95,20250131,2
95,20250404,2
95,20250418,2
95,20250421,2
95,20250501,2
95,20250505,2
95,20250701,2
95,20251001,2
95,20251007,2
95,20251029,2
95,20251225,2
95,20251226,2
96,20250419,2
96,20250531,2
97,20250419,2
97,20250421,2
97,20250505,2
97,20250531,2
98,20250419,2
98,20250531,2
98,20250701,2
98,20251007,2
99,20250419,2
99,20250421,2
99,20250505,2
99,20250531,2
99,20250701,2
99,20251007,2
100,20250101,2
100,20250129,2
100,20250419,2
100,20250531,2
100,20251001,2
100,20251029,2
101,20250101,2
101,20250129,2
101,20250419,2
101,20250421,2
101,20250505,2
101,20250531,2
101,20251001,2
101,20251029,2
102,20250101,2
102,20250129,2
102,20250419,2
102,20250531,2
102,20250701,2
102,20251001,2
102,20251007,2
102,20251029,2
103,20250101,2
103,20250129,2
103,20250419,2
103,20250421,2
103,20250505,2
103,20250531,2
103,20250701,2
103,20251001,2
103,20251007,2
103,20251029,2
104,20250130,2
104,20250419,2
104,20250501,2
104,20250531,2
104,20251225,2
105,20250130,2
105,20250419,2
105,20250421,2
105,20250501,2
105,20250505,2
105,20250531,2
105,20251225,2
106,20250130,2
106,20250419,2
106,20250501,2
106,20250531,2
106,20250701,2
106,20251007,2
106,20251225,2
107,20250130,2
107,20250419,2
107,20250421,2
107,20250501,2
107,20250505,2
107,20250531,2
107,20250701,2
107,20251007,2
107,20251225,2
108,20250101,2
108,20250129,2
108,20250130,2
108,20250419,2
108,20250501,2
108,20250531,2
108,20251001,2
108,20251029,2
108,20251225,2
109,20250101,2
109,20250129,2
109,20250130,2
109,20250419,2
109,20250421,2
109,20250501,2
109,20250505,2
109,20250531,2
109,20251001,2
109,20251029,2
109,20251225,2
110,20250101,2
110,20250129,2
110,20250130,2
110,20250419,2
110,20250501,2
110,20250531,2
110,20250701,2
110,20251001,2
110,20251007,2
110,20251029,2
110,20251225,2
111,20250101,2
111,20250129,2
111,20250130,2
111,20250419,2
111,20250421,2
111,20250501,2
111,20250505,2
111,20250531,2
111,20250701,2
111,20251001,2
111,20251007,2
111,20251029,2
111,20251225,2
112,20250131,2
112,20250404,2
112,20250418,2
112,20250419,2
112,20250531,2
112,20251226,2
113,20250131,2
113,20250404,2
113,20250418,2
113,20250419,2
113,20250421,2
113,20250505,2
113,20250531,2
113,20251226,2
114,20250131,2
114,20250404,2
114,20250418,2
114,20250419,2
114,20250531,2
114,20250701,2
114,20251007,2
114,20251226,2
115,20250131,2
115,20250404,2
115,20250418,2
115,20250419,2
115,20250421,2
115,20250505,2
115,20250531,2
115,20250701,2
115,20251007,2
115,20251226,2
116,20250101,2
116,20250129,2
116,20250131,2
116,20250404,2
116,20250418,2
116,20250419,2
116,20250531,2
116,20251001,2
116,20251029,2
116,20251226,2
117,20250101,2
117,20250129,2
117,20250131,2
117,20250404,2
117,20250418,2
117,20250419,2
117,20250421,2
117,20250505,2
117,20250531,2
117,20251001,2
117,20251029,2
117,20251226,2
118,20250101,2
118,20250129,2
118,20250131,2
118,20250404,2
118,20250418,2
118,20250419,2
118,20250531,2
118,20250701,2
118,20251001,2
118,20251007,2
118,20251029,2
118,20251226,2
119,20250101,2
119,20250129,2
119,20250131,2
119,20250404,2
119,20250418,2
119,20250419,2
119,20250421,2
119,20250505,2
119,20250531,2
119,20250701,2
119,20251001,2
119,20251007,2
119,20251029,2
119,20251226,2
120,20250130,2
120,20250131,2
120,20250404,2
120,20250418,2
120,20250419,2
120,20250501,2
120,20250531,2
120,20251225,2
120,20251226,2
121,20250130,2
121,20250131,2
121,20250404,2
121,20250418,2
121,20250419,2
121,20250421,2
121,20250501,2
121,20250505,2
121,20250531,2
121,20251225,2
121,20251226,2
122,20250130,2
122,20250131,2
122,20250404,2
122,20250418,2
122,20250419,2
122,20250501,2
122,20250531,2
122,20250701,2
122,20251007,2
122,20251225,2
122,20251226,2
123,20250130,2
123,20250131,2
123,20250404,2
123,20250418,2
123,20250419,2
123,20250421,2
123,20250501,2
123,20250505,2
123,20250531,2
123,20250701,2
123,20251007,2
123,20251225,2
123,20251226,2
124,20250101,2
124,20250129,2
124,20250130,2
124,20250131,2
124,20250404,2
124,20250418,2
124,20250419,2
124,20250501,2
124,20250531,2
124,20251001,2
124,20251029,2
124,20251225,2
124,20251226,2
125,20250101,2
125,20250129,2
125,20250130,2
125,20250131,2
125,20250404,2
125,20250418,2
125,20250419,2
125,20250421,2
125,20250501,2
125,20250505,2
125,20250531,2
125,20251001,2
125,20251029,2
125,20251225,2
125,20251226,2
126,20250101,2
126,20250129,2
126,20250130,2
126,20250131,2
126,20250404,2
126,20250418,2
126,20250419,2
126,20250501,2
126,20250531,2
126,20250701,2
126,20251001,2
126,20251007,2
126,20251029,2
126,20251225,2
126,20251226,2
127,20250101,2
127,20250129,2
127,20250130,2
127,20250131,2
127,20250404,2
127,20250418,2
127,20250419,2
127,20250421,2
127,20250501,2
127,20250505,2
127,20250531,2
127,20250701,2
127,20251001,2
127,20251007,2
127,20251029,2
127,20251225,2
127,20251226,2
128,20250101,1
128,20250129,1
128,20250130,1
128,20250131,1
128,20250404,1
128,20250418,1
128,20250419,1
128,20250421,1
128,20250501,1
128,20250505,1
128,20250531,1
128,20250701,1
128,20251001,1
128,20251007,1
128,20251029,1
128,20251225,1
128,20251226,1
129,20250101,1
129,20250129,1
129,20250130,1
129,20250131,1
129,20250404,1
129,20250418,1
129,20250419,1
129,20250501,1
129,20250531,1
129,20250701,1
129,20251001,1
129,20251007,1
129,20251029,1
129,20251225,1
129,20251226,1
130,20250101,1
130,20250129,1
130,20250130,1
130,20250131,1
130,20250404,1
130,20250418,1
130,20250419,1
130,20250421,1
130,20250501,1
130,20250505,1
130,20250531,1
130,20251001,1
130,20251029,1
130,20251225,1
130,20251226,1
131,20250101,1
131,20250129,1
131,20250130,1
131,20250131,1
131,20250404,1
131,20250418,1
131,20250419,1
131,20250501,1
131,20250531,1
131,20251001,1
131,20251029,1
131,20251225,1
131,20251226,1
132,20250130,1
132,20250131,1
132,20250404,1
132,20250418,1
132,20250419,1
132,20250421,1
132,20250501,1
132,20250505,1
132,20250531,1
132,20250701,1
132,20251007,1
132,20251225,1
132,20251226,1
133,20250130,1
133,20250131,1
133,20250404,1
133,20250418,1
133,20250419,1
133,20250501,1
133,20250531,1
133,20250701,1
133,20251007,1
133,20251225,1
133,20251226,1
134,20250130,1
134,20250131,1
134,20250404,1
134,20250418,1
134,20250419,1
134,20250421,1
134,20250501,1
134,20250505,1
134,20250531,1
134,20251225,1
134,20251226,1
135,20250130,1
135,20250131,1
135,20250404,1
135,20250418,1
135,20250419,1
135,20250501,1
135,20250531,1
135,20251225,1
135,20251226,1
136,20250101,1
136,20250129,1
136,20250131,1
136,20250404,1
136,20250418,1
136,20250419,1
136,20250421,1
136,20250505,1
136,20250531,1
136,20250701,1
136,20251001,1
136,20251007,1
136,20251029,1
136,20251226,1
137,20250101,1
137,20250129,1
137,20250131,1
137,20250404,1
137,20250418,1
137,20250419,1
137,20250531,1
137,20250701,1
137,20251001,1
137,20251007,1
137,20251029,1
137,20251226,1
138,20250101,1
138,20250129,1
138,20250131,1
138,20250404,1
138,20250418,1
138,20250419,1
138,20250421,1
138,20250505,1
138,20250531,1
138,20251001,1
138,20251029,1
138,20251226,1
139,20250101,1
139,20250129,1
139,20250131,1
139,20250404,1
139,20250418,1
139,20250419,1
139,20250531,1
139,20251001,1
139,20251029,1
139,20251226,1
140,20250131,1
140,20250404,1
140,20250418,1
140,20250419,1
140,20250421,1
140,20250505,1
140,20250531,1
140,20250701,1
140,20251007,1
140,20251226,1
141,20250131,1
141,20250404,1
141,20250418,1
141,20250419,1
141,20250531,1
141,20250701,1
141,20251007,1
141,20251226,1
142,20250131,1
142,20250404,1
142,20250418,1
142,20250419,1
142,20250421,1
142,20250505,1
142,20250531,1
142,20251226,1
143,20250131,1
143,20250404,1
143,20250418,1
143,20250419,1
143,20250531,1
143,20251226,1
144,20250101,1
144,20250129,1
144,20250130,1
144,20250419,1
144,20250421,1
144,20250501,1
144,20250505,1
144,20250531,1
144,20250701,1
144,20251001,1
144,20251007,1
144,20251029,1
144,20251225,1
145,20250101,1
145,20250129,1
145,20250130,1
145,20250419,1
145,20250501,1
145,20250531,1
145,20250701,1
145,20251001,1
145,20251007,1
145,20251029,1
145,20251225,1
146,20250101,1
146,20250129,1
146,20250130,1
146,20250419,1
146,20250421,1
146,20250501,1
146,20250505,1
146,20250531,1
146,20251001,1
146,20251029,1
146,20251225,1
147,20250101,1
147,20250129,1
147,20250130,1
147,20250419,1
147,20250501,1
147,20250531,1
147,20251001,1
147,20251029,1
147,20251225,1
148,20250130,1
148,20250419,1
148,20250421,1
148,20250501,1
148,20250505,1
148,20250531,1
148,20250701,1
148,20251007,1
148,20251225,1
149,20250130,1
149,20250419,1
149,20250501,1
149,20250531,1
149,20250701,1
149,20251007,1
149,20251225,1
150,20250130,1
150,20250419,1
150,20250421,1
150,20250501,1
150,20250505,1
150,20250531,1
150,20251225,1
151,20250130,1
151,20250419,1
151,20250501,1
151,20250531,1
151,20251225,1
152,20250101,1
152,20250129,1
152,20250419,1
152,20250421,1
152,20250505,1
152,20250531,1
152,20250701,1
152,20251001,1
152,20251007,1
152,20251029,1
153,20250101,1
153,20250129,1
153,20250419,1
153,20250531,1
153,20250701,1
153,20251001,1
153,20251007,1
153,20251029,1
154,20250101,1
154,20250129,1
154,20250419,1
154,20250421,1
154,20250505,1
154,20250531,1
154,20251001,1
154,20251029,1
155,20250101,1
155,20250129,1
155,20250419,1
155,20250531,1
155,20251001,1
155,20251029,1
156,20250419,1
156,20250421,1
156,20250505,1
156,20250531,1
156,20250701,1
156,20251007,1
157,20250419,1
157,20250531,1
157,20250701,1
157,20251007,1
158,20250419,1
158,20250421,1
158,20250505,1
158,20250531,1
159,20250419,1
159,20250531,1
160,20250101,1
160,20250129,1
160,20250130,1
160,20250131,1
160,20250404,1
160,20250418,1
160,20250421,1
160,20250501,1
160,20250505,1
160,20250701,1
160,20251001,1
160,20251007,1
160,20251029,1
160,20251225,1
160,20251226,1
161,20250101,1
161,20250129,1
161,20250130,1
161,20250131,1
161,20250404,1
161,20250418,1
161,20250501,1
161,20250701,1
161,20251001,1
161,20251007,1
161,20251029,1
161,20251225,1
161,20251226,1
162,20250101,1
162,20250129,1
162,20250130,1
162,20250131,1
162,20250404,1
162,20250418,1
162,20250421,1
162,20250501,1
162,20250505,1
162,20251001,1
162,20251029,1
162,20251225,1
162,20251226,1
163,20250101,1
163,20250129,1
163,20250130,1
163,20250131,1
163,20250404,1
163,20250418,1
163,20250501,1
163,20251001,1
163,20251029,1
163,20251225,1
163,20251226,1
164,20250130,1
164,20250131,1
164,20250404,1
164,20250418,1
164,20250421,1
164,20250501,1
164,20250505,1
164,20250701,1
164,20251007,1
164,20251225,1
164,20251226,1
165,20250130,1
165,20250131,1
165,20250404,1
165,20250418,1
165,20250501,1
165,20250701,1
165,20251007,1
165,20251225,1
165,20251226,1
166,20250130,1
166,20250131,1
166,20250404,1
166,20250418,1
166,20250421,1
166,20250501,1
166,20250505,1
166,20251225,1
166,20251226,1
167,20250130,1
167,20250131,1
167,20250404,1
167,20250418,1
167,20250501,1
167,20251225,1
167,20251226,1
168,20250101,1
168,20250129,1
168,20250131,1
168,20250404,1
168,20250418,1
168,20250421,1
168,20250505,1
168,20250701,1
168,20251001,1
168,20251007,1
168,20251029,1
168,20251226,1
169,20250101,1
169,20250129,1
169,20250131,1
169,20250404,1
169,20250418,1
169,20250701,1
169,20251001,1
169,20251007,1
169,20251029,1
169,20251226,1
170,20250101,1
170,20250129,1
170,20250131,1
170,20250404,1
170,20250418,1
170,20250421,1
170,20250505,1
170,20251001,1
170,20251029,1
170,20251226,1
171,20250101,1
171,20250129,1
171,20250131,1
171,20250404,1
171,20250418,1
171,20251001,1
171,20251029,1
171,20251226,1
172,20250131,1
172,20250404,1
172,20250418,1
172,20250421,1
172,20250505,1
172,20250701,1
172,20251007,1
172,20251226,1
173,20250131,1
173,20250404,1
173,20250418,1
173,20250701,1
173,20251007,1
173,20251226,1
174,20250131,1
174,20250404,1
174,20250418,1
174,20250421,1
174,20250505,1
174,20251226,1
175,20250131,1
175,20250404,1
175,20250418,1
175,20251226,1
176,20250101,1
176,20250129,1
176,20250130,1
176,20250421,1
176,20250501,1
176,20250505,1
176,20250701,1
176,20251001,1
176,20251007,1
176,20251029,1
176,20251225,1
177,20250101,1
177,20250129,1
177,20250130,1
177,20250501,1
177,20250701,1
177,20251001,1
177,20251007,1
177,20251029,1
177,20251225,1
178,20250101,1
178,20250129,1
178,20250130,1
178,20250421,1
178,20250501,1
178,20250505,1
178,20251001,1
178,20251029,1
178,20251225,1
179,20250101,1
179,20250129,1
179,20250130,1
179,20250501,1
179,20251001,1
179,20251029,1
179,20251225,1
180,20250130,1
180,20250421,1
180,20250501,1
180,20250505,1
180,20250701,1
180,20251007,1
180,20251225,1
181,20250130,1
181,20250501,1
181,20250701,1
181,20251007,1
181,20251225,1
182,20250130,1
182,20250421,1
182,20250501,1
182,20250505,1
182,20251225,1
183,20250130,1
183,20250501,1
183,20251225,1
184,20250101,1
184,20250129,1
184,20250421,1
184,20250505,1
184,20250701,1
184,20251001,1
184,20251007,1
184,20251029,1
185,20250101,1
185,20250129,1
185,20250701,1
185,20251001,1
185,20251007,1
185,20251029,1
186,20250101,1
186,20250129,1
186,20250421,1
186,20250505,1
186,20251001,1
186,20251029,1
187,20250101,1
187,20250129,1
187,20251001,1
187,20251029,1
188,20250421,1
188,20250505,1
188,20250701,1
188,20251007,1
189,20250701,1
189,20251007,1
190,20250421,1
190,20250505,1
192,20250101,1
192,20250129,1
192,20250130,1
192,20250131,1
192,20250404,1
192,20250418,1
192,20250419,1
192,20250421,1
192,20250501,1
192,20250505,1
192,20250531,1
192,20250701,1
192,20251001,1
192,20251007,1
192,20251029,1
192,20251225,1
192,20251226,1
193,20250101,1
193,20250129,1
193,20250130,1
193,20250131,1
193,20250404,1
193,20250418,1
193,20250419,1
193,20250501,1
193,20250531,1
193,20250701,1
193,20251001,1
193,20251007,1
193,20251029,1
193,20251225,1
193,20251226,1
194,20250101,1
194,20250129,1
194,20250130,1
194,20250131,1
194,20250404,1
194,20250418,1
194,20250419,1
194,20250421,1
194,20250501,1
194,20250505,1
194,20250531,1
194,20251001,1
194,20251029,1
194,20251225,1
194,20251226,1
195,20250101,1
195,20250129,1
195,20250130,1
195,20250131,1
195,20250404,1
195,20250418,1
195,20250419,1
195,20250501,1
195,20250531,1
195,20251001,1
195,20251029,1
195,20251225,1
195,20251226,1
196,20250130,1
196,20250131,1
196,20250404,1
196,20250418,1
196,20250419,1
196,20250421,1
196,20250501,1
196,20250505,1
196,20250531,1
196,20250701,1
196,20251007,1
196,20251225,1
196,20251226,1
197,20250130,1
197,20250131,1
197,20250404,1
197,20250418,1
197,20250419,1
197,20250501,1
197,20250531,1
197,20250701,1
197,20251007,1
197,20251225,1
197,20251226,1
198,20250130,1
198,20250131,1
198,20250404,1
198,20250418,1
198,20250419,1
198,20250421,1
198,20250501,1
198,20250505,1
198,20250531,1
198,20251225,1
198,20251226,1
199,20250130,1
199,20250131,1
199,20250404,1
199,20250418,1
199,20250419,1
199,20250501,1
199,20250531,1
199,20251225,1
199,20251226,1
200,20250101,1
200,20250129,1
200,20250131,1
200,20250404,1
200,20250418,1
200,20250419,1
200,20250421,1
200,20250505,1
200,20250531,1
200,20250701,1
200,20251001,1
200,20251007,1
200,20251029,1
200,20251226,1
201,20250101,1
201,20250129,1
201,20250131,1
201,20250404,1
201,20250418,1
201,20250419,1
201,20250531,1
201,20250701,1
201,20251001,1
201,20251007,1
201,20251029,1
201,20251226,1
202,20250101,1
202,20250129,1
202,20250131,1
202,20250404,1
202,20250418,1
202,20250419,1
202,20250421,1
202,20250505,1
202,20250531,1
202,20251001,1
202,20251029,1
202,20251226,1
203,20250101,1
203,20250129,1
203,20250131,1
203,20250404,1
203,20250418,1
203,20250419,1
203,20250531,1
203,20251001,1
203,20251029,1
203,20251226,1
204,20250131,1
204,20250404,1
204,20250418,1
204,20250419,1
204,20250421,1
204,20250505,1
204,20250531,1
204,20250701,1
204,20251007,1
204,20251226,1
205,20250131,1
205,20250404,1
205,20250418,1
205,20250419,1
205,20250531,1
205,20250701,1
205,20251007,1
205,20251226,1
206,20250131,1
206,20250404,1
206,20250418,1
206,20250419,1
206,20250421,1
206,20250505,1
206,20250531,1
206,20251226,1
207,20250131,1
207,20250404,1
207,20250418,1
207,20250419,1
207,20250531,1
207,20251226,1
208,20250101,1
208,20250129,1
208,20250130,1
208,20250419,1
208,20250421,1
208,20250501,1
208,20250505,1
208,20250531,1
208,20250701,1
208,20251001,1
208,20251007,1
208,20251029,1
208,20251225,1
209,20250101,1
209,20250129,1
209,20250130,1
209,20250419,1
209,20250501,1
209,20250531,1
209,20250701,1
209,20251001,1
209,20251007,1
209,20251029,1
209,20251225,1
210,20250101,1
210,20250129,1
210,20250130,1
210,20250419,1
210,20250421,1
210,20250501,1
210,20250505,1
210,20250531,1
210,20251001,1
210,20251029,1
210,20251225,1
211,20250101,1
211,20250129,1
211,20250130,1
211,20250419,1
211,20250501,1
211,20250531,1
211,20251001,1
211,20251029,1
211,20251225,1
212,20250130,1
212,20250419,1
212,20250421,1
212,20250501,1
212,20250505,1
212,20250531,1
212,20250701,1
212,20251007,1
212,20251225,1
213,20250130,1
213,20250419,1
213,20250501,1
213,20250531,1
213,20250701,1
213,20251007,1
213,20251225,1
214,20250130,1
214,20250419,1
214,20250421,1
214,20250501,1
214,20250505,1
214,20250531,1
214,20251225,1
215,20250130,1
215,20250419,1
215,20250501,1
215,20250531,1
215,20251225,1
216,20250101,1
216,20250129,1
216,20250419,1
216,20250421,1
216,20250505,1
216,20250531,1
216,20250701,1
216,20251001,1
216,20251007,1
216,20251029,1
217,20250101,1
217,20250129,1
217,20250419,1
217,20250531,1
217,20250701,1
217,20251001,1
217,20251007,1
217,20251029,1
218,20250101,1
218,20250129,1
218,20250419,1
218,20250421,1
218,20250505,1
218,20250531,1
218,20251001,1
218,20251029,1
219,20250101,1
219,20250129,1
219,20250419,1
219,20250531,1
219,20251001,1
219,20251029,1
220,20250419,1
220,20250421,1
220,20250505,1
220,20250531,1
220,20250701,1
220,20251007,1
221,20250419,1
221,20250531,1
221,20250701,1
221,20251007,1
222,20250419,1
222,20250421,1
222,20250505,1
222,20250531,1
223,20250419,1
223,20250531,1
224,20250101,1
224,20250129,1
224,20250130,1
224,20250131,1
224,20250404,1
224,20250418,1
224,20250421,1
224,20250501,1
224,20250505,1
224,20250701,1
224,20251001,1
224,20251007,1
224,20251029,1
224,20251225,1
224,20251226,1
225,20250101,1
225,20250129,1
225,20250130,1
225,20250131,1
225,20250404,1
225,20250418,1
225,20250501,1
225,20250701,1
225,20251001,1
225,20251007,1
225,20251029,1
225,20251225,1
225,20251226,1
226,20250101,1
226,20250129,1
226,20250130,1
226,20250131,1
226,20250404,1
226,20250418,1
226,20250421,1
226,20250501,1
226,20250505,1
226,20251001,1
226,20251029,1
226,20251225,1
226,20251226,1
227,20250101,1
227,20250129,1
227,20250130,1
227,20250131,1
227,20250404,1
227,20250418,1
227,20250501,1
227,20251001,1
227,20251029,1
227,20251225,1
227,20251226,1
228,20250130,1
228,20250131,1
228,20250404,1
228,20250418,1
228,20250421,1
228,20250501,1
228,20250505,1
228,20250701,1
228,20251007,1
228,20251225,1
228,20251226,1
229,20250130,1
229,20250131,1
229,20250404,1
229,20250418,1
229,20250501,1
229,20250701,1
229,20251007,1
229,20251225,1
229,20251226,1
230,20250130,1
230,20250131,1
230,20250404,1
230,20250418,1
230,20250421,1
230,20250501,1
230,20250505,1
230,20251225,1
230,20251226,1
231,20250130,1
231,20250131,1
231,20250404,1
231,20250418,1
231,20250501,1
231,20251225,1
231,20251226,1
232,20250101,1
232,20250129,1
232,20250131,1
232,20250404,1
232,20250418,1
232,20250421,1
232,20250505,1
232,20250701,1
232,20251001,1
232,20251007,1
232,20251029,1
232,20251226,1
233,20250101,1
233,20250129,1
233,20250131,1
233,20250404,1
233,20250418,1
233,20250701,1
233,20251001,1
233,20251007,1
233,20251029,1
233,20251226,1
234,20250101,1
234,20250129,1
234,20250131,1
234,20250404,1
234,20250418,1
234,20250421,1
234,20250505,1
234,20251001,1
234,20251029,1
234,20251226,1
235,20250101,1
235,20250129,1
235,20250131,1
235,20250404,1
235,20250418,1
235,20251001,1
235,20251029,1
235,20251226,1
236,20250131,1
236,20250404,1
236,20250418,1
236,20250421,1
236,20250505,1
236,20250701,1
236,20251007,1
236,20251226,1
237,20250131,1
237,20250404,1
237,20250418,1
237,20250701,1
237,20251007,1
237,20251226,1
238,20250131,1
238,20250404,1
238,20250418,1
238,20250421,1
238,20250505,1
238,20251226,1
239,20250131,1
239,20250404,1
239,20250418,1
239,20251226,1
240,20250101,1
240,20250129,1
240,20250130,1
240,20250421,1
240,20250501,1
240,20250505,1
240,20250701,1
240,20251001,1
240,20251007,1
240,20251029,1
240,20251225,1
241,20250101,1
241,20250129,1
241,20250130,1
241,20250501,1
241,20250701,1
241,20251001,1
241,20251007,1
241,20251029,1
241,20251225,1
242,20250101,1
242,20250129,1
242,20250130,1
242,20250421,1
242,20250501,1
242,20250505,1
242,20251001,1
242,20251029,1
242,20251225,1
243,20250101,1
243,20250129,1
243,20250130,1
243,20250501,1
243,20251001,1
243,20251029,1
243,20251225,1
244,20250130,1
244,20250421,1
244,20250501,1
244,20250505,1
244,20250701,1
244,20251007,1
244,20251225,1
245,20250130,1
245,20250501,1
245,20250701,1
245,20251007,1
245,20251225,1
246,20250130,1
246,20250421,1
246,20250501,1
246,20250505,1
246,20251225,1
247,20250130,1
247,20250501,1
247,20251225,1
248,20250101,1
248,20250129,1
248,20250421,1
248,20250505,1
248,20250701,1
248,20251001,1
248,20251007,1
248,20251029,1
249,20250101,1
249,20250129,1
249,20250701,1
249,20251001,1
249,20251007,1
249,20251029,1
250,20250101,1
250,20250129,1
250,20250421,1
250,20250505,1
250,20251001,1
250,20251029,1
251,20250101,1
251,20250129,1
251,20251001,1
251,20251029,1
252,20250421,1
252,20250505,1
252,20250701,1
252,20251007,1
253,20250701,1
253,20251007,1
254,20250421,1
254,20250505,1
257,20250421,2
257,20250505,2
258,20250701,2
258,20251007,2
259,20250421,2
259,20250505,2
259,20250701,2
259,20251007,2
260,20250101,2
260,20250129,2
260,20251001,2
260,20251029,2
261,20250101,2
261,20250129,2
261,20250421,2
261,20250505,2
261,20251001,2
261,20251029,2
262,20250101,2
262,20250129,2
262,20250701,2
262,20251001,2
262,20251007,2
262,20251029,2
263,20250101,2
263,20250129,2
263,20250421,2
263,20250505,2
263,20250701,2
263,20251001,2
263,20251007,2
263,20251029,2
264,20250130,2
264,20250501,2
264,20251225,2
265,20250130,2
265,20250421,2
265,20250501,2
265,20250505,2
265,20251225,2
266,20250130,2
266,20250501,2
266,20250701,2
266,20251007,2
266,20251225,2
267,20250130,2
267,20250421,2
267,20250501,2
267,20250505,2
267,20250701,2
267,20251007,2
267,20251225,2
268,20250101,2
268,20250129,2
268,20250130,2
268,20250501,2
268,20251001,2
268,20251029,2
268,20251225,2
269,20250101,2
269,20250129,2
269,20250130,2
269,20250421,2
269,20250501,2
269,20250505,2
269,20251001,2
269,20251029,2
269,20251225,2
270,20250101,2
270,20250129,2
270,20250130,2
270,20250501,2
270,20250701,2
270,20251001,2
270,20251007,2
270,20251029,2
270,20251225,2
271,20250101,2
271,20250129,2
271,20250130,2
271,20250421,2
271,20250501,2
271,20250505,2
271,20250701,2
271,20251001,2
271,20251007,2
271,20251029,2
271,20251225,2
272,20250131,2
272,20250404,2
272,20250418,2
272,20251226,2
273,20250131,2
273,20250404,2
273,20250418,2
273,20250421,2
273,20250505,2
273,20251226,2
274,20250131,2
274,20250404,2
274,20250418,2
274,20250701,2
274,20251007,2
274,20251226,2
275,20250131,2
275,20250404,2
275,20250418,2
275,20250421,2
275,20250505,2
275,20250701,2
275,20251007,2
275,20251226,2
276,20250101,2
276,20250129,2
276,20250131,2
276,20250404,2
276,20250418,2
276,20251001,2
276,20251029,2
276,20251226,2
277,20250101,2
277,20250129,2
277,20250131,2
277,20250404,2
277,20250418,2
277,20250421,2
277,20250505,2
277,20251001,2
277,20251029,2
277,20251226,2
278,20250101,2
278,20250129,2
278,20250131,2
278,20250404,2
278,20250418,2
278,20250701,2
278,20251001,2
278,20251007,2
278,20251029,2
278,20251226,2
279,20250101,2
279,20250129,2
279,20250131,2
279,20250404,2
279,20250418,2
279,20250421,2
279,20250505,2
279,20250701,2
279,20251001,2
279,20251007,2
279,20251029,2
279,20251226,2
280,20250130,2
280,20250131,2
280,20250404,2
280,20250418,2
280,20250501,2
280,20251225,2
280,20251226,2
281,20250130,2
281,20250131,2
281,20250404,2
281,20250418,2
281,20250421,2
281,20250501,2
281,20250505,2
281,20251225,2
281,20251226,2
282,20250130,2
282,20250131,2
282,20250404,2
282,20250418,2
282,20250501,2
282,20250701,2
282,20251007,2
282,20251225,2
282,20251226,2
283,20250130,2
283,20250131,2
283,20250404,2
283,20250418,2
283,20250421,2
283,20250501,2
283,20250505,2
283,20250701,2
283,20251007,2
283,20251225,2
283,20251226,2
284,20250101,2
284,20250129,2
284,20250130,2
284,20250131,2
284,20250404,2
284,20250418,2
284,20250501,2
284,20251001,2
284,20251029,2
284,20251225,2
284,20251226,2
285,20250101,2
285,20250129,2
285,20250130,2
285,20250131,2
285,20250404,2
285,20250418,2
285,20250421,2
285,20250501,2
285,20250505,2
285,20251001,2
285,20251029,2
285,20251225,2
285,20251226,2
286,20250101,2
286,20250129,2
286,20250130,2
286,20250131,2
286,20250404,2
286,20250418,2
286,20250501,2
286,20250701,2
286,20251001,2
286,20251007,2
286,20251029,2
286,20251225,2
286,20251226,2
287,20250101,2
287,20250129,2
287,20250130,2
287,20250131,2
287,20250404,2
287,20250418,2
287,20250421,2
287,20250501,2
287,20250505,2
287,20250701,2
287,20251001,2
287,20251007,2
287,20251029,2
287,20251225,2
287,20251226,2
288,20250419,2
288,20250531,2
289,20250419,2
289,20250421,2
289,20250505,2
289,20250531,2
290,20250419,2
290,20250531,2
290,20250701,2
290,20251007,2
291,20250419,2
291,20250421,2
291,20250505,2
291,20250531,2
291,20250701,2
291,20251007,2
292,20250101,2
292,20250129,2
292,20250419,2
292,20250531,2
292,20251001,2
292,20251029,2
293,20250101,2
293,20250129,2
293,20250419,2
293,20250421,2
293,20250505,2
293,20250531,2
293,20251001,2
293,20251029,2
294,20250101,2
294,20250129,2
294,20250419,2
294,20250531,2
294,20250701,2
294,20251001,2
294,20251007,2
294,20251029,2
295,20250101,2
295,20250129,2
295,20250419,2
295,20250421,2
295,20250505,2
295,20250531,2
295,20250701,2
295,20251001,2
295,20251007,2
295,20251029,2
296,20250130,2
296,20250419,2
296,20250501,2
296,20250531,2
296,20251225,2
297,20250130,2
297,20250419,2
297,20250421,2
297,20250501,2
297,20250505,2
297,20250531,2
297,20251225,2
298,20250130,2
298,20250419,2
298,20250501,2
298,20250531,2
298,20250701,2
298,20251007,2
298,20251225,2
299,20250130,2
299,20250419,2
299,20250421,2
299,20250501,2
299,20250505,2
299,20250531,2
299,20250701,2
299,20251007,2
299,20251225,2
300,20250101,2
300,20250129,2
300,20250130,2
300,20250419,2
300,20250501,2
300,20250531,2
300,20251001,2
300,20251029,2
300,20251225,2
301,20250101,2
301,20250129,2
301,20250130,2
301,20250419,2
301,20250421,2
301,20250501,2
301,20250505,2
301,20250531,2
301,20251001,2
301,20251029,2
301,20251225,2
302,20250101,2
302,20250129,2
302,20250130,2
302,20250419,2
302,20250501,2
302,20250531,2
302,20250701,2
302,20251001,2
302,20251007,2
302,20251029,2
302,20251225,2
303,20250101,2
303,20250129,2
303,20250130,2
303,20250419,2
303,20250421,2
303,20250501,2
303,20250505,2
303,20250531,2
303,20250701,2
303,20251001,2
303,20251007,2
303,20251029,2
303,20251225,2
304,20250131,2
304,20250404,2
304,20250418,2
304,20250419,2
304,20250531,2
304,20251226,2
305,20250131,2
305,20250404,2
305,20250418,2
305,20250419,2
305,20250421,2
305,20250505,2
305,20250531,2
305,20251226,2
306,20250131,2
306,20250404,2
306,20250418,2
306,20250419,2
306,20250531,2
306,20250701,2
306,20251007,2
306,20251226,2
307,20250131,2
307,20250404,2
307,20250418,2
307,20250419,2
307,20250421,2
307,20250505,2
307,20250531,2
307,20250701,2
307,20251007,2
307,20251226,2
308,20250101,2
308,20250129,2
308,20250131,2
308,20250404,2
308,20250418,2
308,20250419,2
308,20250531,2
308,20251001,2
308,20251029,2
308,20251226,2
309,20250101,2
309,20250129,2
309,20250131,2
309,20250404,2
309,20250418,2
309,20250419,2
309,20250421,2
309,20250505,2
309,20250531,2
309,20251001,2
309,20251029,2
309,20251226,2
310,20250101,2
310,20250129,2
310,20250131,2
310,20250404,2
310,20250418,2
310,20250419,2
310,20250531,2
310,20250701,2
310,20251001,2
310,20251007,2
310,20251029,2
310,20251226,2
311,20250101,2
311,20250129,2
311,20250131,2
311,20250404,2
311,20250418,2
311,20250419,2
311,20250421,2
311,20250505,2
311,20250531,2
311,20250701,2
311,20251001,2
311,20251007,2
311,20251029,2
311,20251226,2
312,20250130,2
312,20250131,2
312,20250404,2
312,20250418,2
312,20250419,2
312,20250501,2
312,20250531,2
312,20251225,2
312,20251226,2
313,20250130,2
313,20250131,2
313,20250404,2
313,20250418,2
313,20250419,2
313,20250421,2
313,20250501,2
313,20250505,2
313,20250531,2
313,20251225,2
313,20251226,2
314,20250130,2
314,20250131,2
314,20250404,2
314,20250418,2
314,20250419,2
314,20250501,2
314,20250531,2
314,20250701,2
314,20251007,2
314,20251225,2
314,20251226,2
315,20250130,2
315,20250131,2
315,20250404,2
315,20250418,2
315,20250419,2
315,20250421,2
315,20250501,2
315,20250505,2
315,20250531,2
315,20250701,2
315,20251007,2
315,20251225,2
315,20251226,2
316,20250101,2
316,20250129,2
316,20250130,2
316,20250131,2
316,20250404,2
316,20250418,2
316,20250419,2
316,20250501,2
316,20250531,2
316,20251001,2
316,20251029,2
316,20251225,2
316,20251226,2
317,20250101,2
317,20250129,2
317,20250130,2
317,20250131,2
317,20250404,2
317,20250418,2
317,20250419,2
317,20250421,2
317,20250501,2
317,20250505,2
317,20250531,2
317,20251001,2
317,20251029,2
317,20251225,2
317,20251226,2
318,20250101,2
318,20250129,2
318,20250130,2
318,20250131,2
318,20250404,2
318,20250418,2
318,20250419,2
318,20250501,2
318,20250531,2
318,20250701,2
318,20251001,2
318,20251007,2
318,20251029,2
318,20251225,2
318,20251226,2
319,20250101,2
319,20250129,2
319,20250130,2
319,20250131,2
319,20250404,2
319,20250418,2
319,20250419,2
319,20250421,2
319,20250501,2
319,20250505,2
319,20250531,2
319,20250701,2
319,20251001,2
319,20251007,2
319,20251029,2
319,20251225,2
319,20251226,2
321,20250421,2
321,20250505,2
322,20250701,2
322,20251007,2
323,20250421,2
323,20250505,2
323,20250701,2
323,20251007,2
324,20250101,2
324,20250129,2
324,20251001,2
324,20251029,2
325,20250101,2
325,20250129,2
325,20250421,2
325,20250505,2
325,20251001,2
325,20251029,2
326,20250101,2
326,20250129,2
326,20250701,2
326,20251001,2
326,20251007,2
326,20251029,2
327,20250101,2
327,20250129,2
327,20250421,2
327,20250505,2
327,20250701,2
327,20251001,2
327,20251007,2
327,20251029,2
328,20250130,2
328,20250501,2
328,20251225,2
329,20250130,2
329,20250421,2
329,20250501,2
329,20250505,2
329,20251225,2
330,20250130,2
330,20250501,2
330,20250701,2
330,20251007,2
330,20251225,2
331,20250130,2
331,20250421,2
331,20250501,2
331,20250505,2
331,20250701,2
331,20251007,2
331,20251225,2
332,20250101,2
332,20250129,2
332,20250130,2
332,20250501,2
332,20251001,2
332,20251029,2
332,20251225,2
333,20250101,2
333,20250129,2
333,20250130,2
333,20250421,2
333,20250501,2
333,20250505,2
333,20251001,2
333,20251029,2
333,20251225,2
334,20250101,2
334,20250129,2
334,20250130,2
334,20250501,2
334,20250701,2
334,20251001,2
334,20251007,2
334,20251029,2
334,20251225,2
335,20250101,2
335,20250129,2
335,20250130,2
335,20250421,2
335,20250501,2
335,20250505,2
335,20250701,2
335,20251001,2
335,20251007,2
335,20251029,2
335,20251225,2
336,20250131,2
336,20250404,2
336,20250418,2
336,20251226,2
337,20250131,2
337,20250404,2
337,20250418,2
337,20250421,2
337,20250505,2
337,20251226,2
338,20250131,2
338,20250404,2
338,20250418,2
338,20250701,2
338,20251007,2
338,20251226,2
339,20250131,2
339,20250404,2
339,20250418,2
339,20250421,2
339,20250505,2
339,20250701,2
339,20251007,2
339,20251226,2
340,20250101,2
340,20250129,2
340,20250131,2
340,20250404,2
340,20250418,2
340,20251001,2
340,20251029,2
340,20251226,2
341,20250101,2
341,20250129,2
341,20250131,2
341,20250404,2
341,20250418,2
341,20250421,2
341,20250505,2
341,20251001,2
341,20251029,2
341,20251226,2
342,20250101,2
342,20250129,2
342,20250131,2
342,20250404,2
342,20250418,2
342,20250701,2
342,20251001,2
342,20251007,2
342,20251029,2
342,20251226,2
343,20250101,2
343,20250129,2
343,20250131,2
343,20250404,2
343,20250418,2
343,20250421,2
343,20250505,2
343,20250701,2
343,20251001,2
343,20251007,2
343,20251029,2
343,20251226,2
344,20250130,2
344,20250131,2
344,20250404,2
344,20250418,2
344,20250501,2
344,20251225,2
344,20251226,2
345,20250130,2
345,20250131,2
345,20250404,2
345,20250418,2
345,20250421,2
345,20250501,2
345,20250505,2
345,20251225,2
345,20251226,2
346,20250130,2
346,20250131,2
346,20250404,2
346,20250418,2
346,20250501,2
346,20250701,2
346,20251007,2
346,20251225,2
346,20251226,2
347,20250130,2
347,20250131,2
347,20250404,2
347,20250418,2
347,20250421,2
347,20250501,2
347,20250505,2
347,20250701,2
347,20251007,2
347,20251225,2
347,20251226,2
348,20250101,2
348,20250129,2
348,20250130,2
348,20250131,2
348,20250404,2
348,20250418,2
348,20250501,2
348,20251001,2
348,20251029,2
348,20251225,2
348,20251226,2
349,20250101,2
349,20250129,2
349,20250130,2
349,20250131,2
349,20250404,2
349,20250418,2
349,20250421,2
349,20250501,2
349,20250505,2
349,20251001,2
349,20251029,2
349,20251225,2
349,20251226,2
350,20250101,2
350,20250129,2
350,20250130,2
350,20250131,2
350,20250404,2
350,20250418,2
350,20250501,2
350,20250701,2
350,20251001,2
350,20251007,2
350,20251029,2
350,20251225,2
350,20251226,2
351,20250101,2
351,20250129,2
351,20250130,2
351,20250131,2
351,20250404,2
351,20250418,2
351,20250421,2
351,20250501,2
351,20250505,2
351,20250701,2
351,20251001,2
351,20251007,2
351,20251029,2
351,20251225,2
351,20251226,2
352,20250419,2
352,20250531,2
353,20250419,2
353,20250421,2
353,20250505,2
353,20250531,2
354,20250419,2
354,20250531,2
354,20250701,2
354,20251007,2
355,20250419,2
355,20250421,2
355,20250505,2
355,20250531,2
355,20250701,2
355,20251007,2
356,20250101,2
356,20250129,2
356,20250419,2
356,20250531,2
356,20251001,2
356,20251029,2
357,20250101,2
357,20250129,2
357,20250419,2
357,20250421,2
357,20250505,2
357,20250531,2
357,20251001,2
357,20251029,2
358,20250101,2
358,20250129,2
358,20250419,2
358,20250531,2
358,20250701,2
358,20251001,2
358,20251007,2
358,20251029,2
359,20250101,2
359,20250129,2
359,20250419,2
359,20250421,2
359,20250505,2
359,20250531,2
359,20250701,2
359,20251001,2
359,20251007,2
359,20251029,2
360,20250130,2
360,20250419,2
360,20250501,2
360,20250531,2
360,20251225,2
361,20250130,2
361,20250419,2
361,20250421,2
361,20250501,2
361,20250505,2
361,20250531,2
361,20251225,2
362,20250130,2
362,20250419,2
362,20250501,2
362,20250531,2
362,20250701,2
362,20251007,2
362,20251225,2
363,20250130,2
363,20250419,2
363,20250421,2
363,20250501,2
363,20250505,2
363,20250531,2
363,20250701,2
363,20251007,2
363,20251225,2
364,20250101,2
364,20250129,2
364,20250130,2
364,20250419,2
364,20250501,2
364,20250531,2
364,20251001,2
364,20251029,2
364,20251225,2
365,20250101,2
365,20250129,2
365,20250130,2
365,20250419,2
365,20250421,2
365,20250501,2
365,20250505,2
365,20250531,2
365,20251001,2
365,20251029,2
365,20251225,2
366,20250101,2
366,20250129,2
366,20250130,2
366,20250419,2
366,20250501,2
366,20250531,2
366,20250701,2
366,20251001,2
366,20251007,2
366,20251029,2
366,20251225,2
367,20250101,2
367,20250129,2
367,20250130,2
367,20250419,2
367,20250421,2
367,20250501,2
367,20250505,2
367,20250531,2
367,20250701,2
367,20251001,2
367,20251007,2
367,20251029,2
367,20251225,2
368,20250131,2
368,20250404,2
368,20250418,2
368,20250419,2
368,20250531,2
368,20251226,2
369,20250131,2
369,20250404,2
369,20250418,2
369,20250419,2
369,20250421,2
369,20250505,2
369,20250531,2
369,20251226,2
370,20250131,2
370,20250404,2
370,20250418,2
370,20250419,2
370,20250531,2
370,20250701,2
370,20251007,2
370,20251226,2
371,20250131,2
371,20250404,2
371,20250418,2
371,20250419,2
371,20250421,2
371,20250505,2
371,20250531,2
371,20250701,2
371,20251007,2
371,20251226,2
372,20250101,2
372,20250129,2
372,20250131,2
372,20250404,2
372,20250418,2
372,20250419,2
372,20250531,2
372,20251001,2
372,20251029,2
372,20251226,2
373,20250101,2
373,20250129,2
373,20250131,2
373,20250404,2
373,20250418,2
373,20250419,2
373,20250421,2
373,20250505,2
373,20250531,2
373,20251001,2
373,20251029,2
373,20251226,2
374,20250101,2
374,20250129,2
374,20250131,2
374,20250404,2
374,20250418,2
374,20250419,2
374,20250531,2
374,20250701,2
374,20251001,2
374,20251007,2
374,20251029,2
374,20251226,2
375,20250101,2
375,20250129,2
375,20250131,2
375,20250404,2
375,20250418,2
375,20250419,2
375,20250421,2
375,20250505,2
375,20250531,2
375,20250701,2
375,20251001,2
375,20251007,2
375,20251029,2
375,20251226,2
376,20250130,2
376,20250131,2
376,20250404,2
376,20250418,2
376,20250419,2
376,20250501,2
376,20250531,2
376,20251225,2
376,20251226,2
377,20250130,2
377,20250131,2
377,20250404,2
377,20250418,2
377,20250419,2
377,20250421,2
377,20250501,2
377,20250505,2
377,20250531,2
377,20251225,2
377,20251226,2
378,20250130,2
378,20250131,2
378,20250404,2
378,20250418,2
378,20250419,2
378,20250501,2
378,20250531,2
378,20250701,2
378,20251007,2
378,20251225,2
378,20251226,2
379,20250130,2
379,20250131,2
379,20250404,2
379,20250418,2
379,20250419,2
379,20250421,2
379,20250501,2
379,20250505,2
379,20250531,2
379,20250701,2
379,20251007,2
379,20251225,2
379,20251226,2
380,20250101,2
380,20250129,2
380,20250130,2
380,20250131,2
380,20250404,2
380,20250418,2
380,20250419,2
380,20250501,2
380,20250531,2
380,20251001,2
380,20251029,2
380,20251225,2
380,20251226,2
381,20250101,2
381,20250129,2
381,20250130,2
381,20250131,2
381,20250404,2
381,20250418,2
381,20250419,2
381,20250421,2
381,20250501,2
381,20250505,2
381,20250531,2
381,20251001,2
381,20251029,2
381,20251225,2
381,20251226,2
382,20250101,2
382,20250129,2
382,20250130,2
382,20250131,2
382,20250404,2
382,20250418,2
382,20250419,2
382,20250501,2
382,20250531,2
382,20250701,2
382,20251001,2
382,20251007,2
382,20251029,2
382,20251225,2
382,20251226,2
383,20250101,2
383,20250129,2
383,20250130,2
383,20250131,2
383,20250404,2
383,20250418,2
383,20250419,2
383,20250421,2
383,20250501,2
383,20250505,2
383,20250531,2
383,20250701,2
383,20251001,2
383,20251007,2
383,20251029,2
383,20251225,2
383,20251226,2
384,20250101,1
384,20250129,1
384,20250130,1
384,20250131,1
384,20250404,1
384,20250418,1
384,20250419,1
384,20250421,1
384,20250501,1
384,20250505,1
384,20250531,1
384,20250701,1
384,20251001,1
384,20251007,1
384,20251029,1
384,20251225,1
384,20251226,1
385,20250101,1
385,20250129,1
385,20250130,1
385,20250131,1
385,20250404,1
385,20250418,1
385,20250419,1
385,20250501,1
385,20250531,1
385,20250701,1
385,20251001,1
385,20251007,1
385,20251029,1
385,20251225,1
385,20251226,1
386,20250101,1
386,20250129,1
386,20250130,1
386,20250131,1
386,20250404,1
386,20250418,1
386,20250419,1
386,20250421,1
386,20250501,1
386,20250505,1
386,20250531,1
386,20251001,1
386,20251029,1
386,20251225,1
386,20251226,1
387,20250101,1
387,20250129,1
387,20250130,1
387,20250131,1
387,20250404,1
387,20250418,1
387,20250419,1
387,20250501,1
387,20250531,1
387,20251001,1
387,20251029,1
387,20251225,1
387,20251226,1
388,20250130,1
388,20250131,1
388,20250404,1
388,20250418,1
388,20250419,1
388,20250421,1
388,20250501,1
388,20250505,1
388,20250531,1
388,20250701,1
388,20251007,1
388,20251225,1
388,20251226,1
389,20250130,1
389,20250131,1
389,20250404,1
389,20250418,1
389,20250419,1
389,20250501,1
389,20250531,1
389,20250701,1
389,20251007,1
389,20251225,1
389,20251226,1
390,20250130,1
390,20250131,1
390,20250404,1
390,20250418,1
390,20250419,1
390,20250421,1
390,20250501,1
390,20250505,1
390,20250531,1
390,20251225,1
390,20251226,1
391,20250130,1
391,20250131,1
391,20250404,1
391,20250418,1
391,20250419,1
391,20250501,1
391,20250531,1
391,20251225,1
391,20251226,1
392,20250101,1
392,20250129,1
392,20250131,1
392,20250404,1
392,20250418,1
392,20250419,1
392,20250421,1
392,20250505,1
392,20250531,1
392,20250701,1
392,20251001,1
392,20251007,1
392,20251029,1
392,20251226,1
393,20250101,1
393,20250129,1
393,20250131,1
393,20250404,1
393,20250418,1
393,20250419,1
393,20250531,1
393,20250701,1
393,20251001,1
393,20251007,1
393,20251029,1
393,20251226,1
394,20250101,1
394,20250129,1
394,20250131,1
394,20250404,1
394,20250418,1
394,20250419,1
394,20250421,1
394,20250505,1
394,20250531,1
394,20251001,1
394,20251029,1
394,20251226,1
395,20250101,1
395,20250129,1
395,20250131,1
395,20250404,1
395,20250418,1
395,20250419,1
395,20250531,1
395,20251001,1
395,20251029,1
395,20251226,1
396,20250131,1
396,20250404,1
396,20250418,1
396,20250419,1
396,20250421,1
396,20250505,1
396,20250531,1
396,20250701,1
396,20251007,1
396,20251226,1
397,20250131,1
397,20250404,1
397,20250418,1
397,20250419,1
397,20250531,1
397,20250701,1
397,20251007,1
397,20251226,1
398,20250131,1
398,20250404,1
398,20250418,1
398,20250419,1
398,20250421,1
398,20250505,1
398,20250531,1
398,20251226,1
399,20250131,1
399,20250404,1
399,20250418,1
399,20250419,1
399,20250531,1
399,20251226,1
400,20250101,1
400,20250129,1
400,20250130,1
400,20250419,1
400,20250421,1
400,20250501,1
400,20250505,1
400,20250531,1
400,20250701,1
400,20251001,1
400,20251007,1
400,20251029,1
400,20251225,1
401,20250101,1
401,20250129,1
401,20250130,1
401,20250419,1
401,20250501,1
401,20250531,1
401,20250701,1
401,20251001,1
401,20251007,1
401,20251029,1
401,20251225,1
402,20250101,1
402,20250129,1
402,20250130,1
402,20250419,1
402,20250421,1
402,20250501,1
402,20250505,1
402,20250531,1
402,20251001,1
402,20251029,1
402,20251225,1
403,20250101,1
403,20250129,1
403,20250130,1
403,20250419,1
403,20250501,1
403,20250531,1
403,20251001,1
403,20251029,1
403,20251225,1
404,20250130,1
404,20250419,1
404,20250421,1
404,20250501,1
404,20250505,1
404,20250531,1
404,20250701,1
404,20251007,1
404,20251225,1
405,20250130,1
405,20250419,1
405,20250501,1
405,20250531,1
405,20250701,1
405,20251007,1
405,20251225,1
406,20250130,1
406,20250419,1
406,20250421,1
406,20250501,1
406,20250505,1
406,20250531,1
406,20251225,1
407,20250130,1
407,20250419,1
407,20250501,1
407,20250531,1
407,20251225,1
408,20250101,1
408,20250129,1
408,20250419,1
408,20250421,1
408,20250505,1
408,20250531,1
408,20250701,1
408,20251001,1
408,20251007,1
408,20251029,1
409,20250101,1
409,20250129,1
409,20250419,1
409,20250531,1
409,20250701,1
409,20251001,1
409,20251007,1
409,20251029,1
410,20250101,1
410,20250129,1
410,20250419,1
410,20250421,1
410,20250505,1
410,20250531,1
410,20251001,1
410,20251029,1
411,20250101,1
411,20250129,1
411,20250419,1
411,20250531,1
411,20251001,1
411,20251029,1
412,20250419,1
412,20250421,1
412,20250505,1
412,20250531,1
412,20250701,1
412,20251007,1
413,20250419,1
413,20250531,1
413,20250701,1
413,20251007,1
414,20250419,1
414,20250421,1
414,20250505,1
414,20250531,1
415,20250419,1
415,20250531,1
416,20250101,1
416,20250129,1
416,20250130,1
416,20250131,1
416,20250404,1
416,20250418,1
416,20250421,1
416,20250501,1
416,20250505,1
416,20250701,1
416,20251001,1
416,20251007,1
416,20251029,1
416,20251225,1
416,20251226,1
417,20250101,1
417,20250129,1
417,20250130,1
417,20250131,1
417,20250404,1
417,20250418,1
417,20250501,1
417,20250701,1
417,20251001,1
417,20251007,1
417,20251029,1
417,20251225,1
417,20251226,1
418,20250101,1
418,20250129,1
418,20250130,1
418,20250131,1
418,20250404,1
418,20250418,1
418,20250421,1
418,20250501,1
418,20250505,1
418,20251001,1
418,20251029,1
418,20251225,1
418,20251226,1
419,20250101,1
419,20250129,1
419,20250130,1
419,20250131,1
419,20250404,1
419,20250418,1
419,20250501,1
419,20251001,1
419,20251029,1
419,20251225,1
419,20251226,1
420,20250130,1
420,20250131,1
420,20250404,1
420,20250418,1
420,20250421,1
420,20250501,1
420,20250505,1
420,20250701,1
420,20251007,1
420,20251225,1
420,20251226,1
421,20250130,1
421,20250131,1
421,20250404,1
421,20250418,1
421,20250501,1
421,20250701,1
421,20251007,1
421,20251225,1
421,20251226,1
422,20250130,1
422,20250131,1
422,20250404,1
422,20250418,1
422,20250421,1
422,20250501,1
422,20250505,1
422,20251225,1
422,20251226,1
423,20250130,1
423,20250131,1
423,20250404,1
423,20250418,1
423,20250501,1
423,20251225,1
423,20251226,1
424,20250101,1
424,20250129,1
424,20250131,1
424,20250404,1
424,20250418,1
424,20250421,1
424,20250505,1
424,20250701,1
424,20251001,1
424,20251007,1
424,20251029,1
424,20251226,1
425,20250101,1
425,20250129,1
425,20250131,1
425,20250404,1
425,20250418,1
425,20250701,1
425,20251001,1
425,20251007,1
425,20251029,1
425,20251226,1
426,20250101,1
426,20250129,1
426,20250131,1
426,20250404,1
426,20250418,1
426,20250421,1
426,20250505,1
426,20251001,1
426,20251029,1
426,20251226,1
427,20250101,1
427,20250129,1
427,20250131,1
427,20250404,1
427,20250418,1
427,20251001,1
427,20251029,1
427,20251226,1
428,20250131,1
428,20250404,1
428,20250418,1
428,20250421,1
428,20250505,1
428,20250701,1
428,20251007,1
428,20251226,1
429,20250131,1
429,20250404,1
429,20250418,1
429,20250701,1
429,20251007,1
429,20251226,1
430,20250131,1
430,20250404,1
430,20250418,1
430,20250421,1
430,20250505,1
430,20251226,1
431,20250131,1
431,20250404,1
431,20250418,1
431,20251226,1
432,20250101,1
432,20250129,1
432,20250130,1
432,20250421,1
432,20250501,1
432,20250505,1
432,20250701,1
432,20251001,1
432,20251007,1
432,20251029,1
432,20251225,1
433,20250101,1
433,20250129,1
433,20250130,1
433,20250501,1
433,20250701,1
433,20251001,1
433,20251007,1
433,20251029,1
433,20251225,1
434,20250101,1
434,20250129,1
434,20250130,1
434,20250421,1
434,20250501,1
434,20250505,1
434,20251001,1
434,20251029,1
434,20251225,1
435,20250101,1
435,20250129,1
435,20250130,1
435,20250501,1
435,20251001,1
435,20251029,1
435,20251225,1
436,20250130,1
436,20250421,1
436,20250501,1
436,20250505,1
436,20250701,1
436,20251007,1
436,20251225,1
437,20250130,1
437,20250501,1
437,20250701,1
437,20251007,1
437,20251225,1
438,20250130,1
438,20250421,1
438,20250501,1
438,20250505,1
438,20251225,1
439,20250130,1
439,20250501,1
439,20251225,1
440,20250101,1
440,20250129,1
440,20250421,1
440,20250505,1
440,20250701,1
440,20251001,1
440,20251007,1
440,20251029,1
441,20250101,1
441,20250129,1
441,20250701,1
441,20251001,1
441,20251007,1
441,20251029,1
442,20250101,1
442,20250129,1
442,20250421,1
442,20250505,1
442,20251001,1
442,20251029,1
443,20250101,1
443,20250129,1
443,20251001,1
443,20251029,1
444,20250421,1
444,20250505,1
444,20250701,1
444,20251007,1
445,20250701,1
445,20251007,1
446,20250421,1
446,20250505,1
448,20250101,1
448,20250129,1
448,20250130,1
448,20250131,1
448,20250404,1
448,20250418,1
448,20250419,1
448,20250421,1
448,20250501,1
448,20250505,1
448,20250531,1
448,20250701,1
448,20251001,1
448,20251007,1
448,20251029,1
448,20251225,1
448,20251226,1
449,20250101,1
449,20250129,1
449,20250130,1
449,20250131,1
449,20250404,1
449,20250418,1
449,20250419,1
449,20250501,1
449,20250531,1
449,20250701,1
449,20251001,1
449,20251007,1
449,20251029,1
449,20251225,1
449,20251226,1
450,20250101,1
450,20250129,1
450,20250130,1
450,20250131,1
450,20250404,1
450,20250418,1
450,20250419,1
450,20250421,1
450,20250501,1
450,20250505,1
450,20250531,1
450,20251001,1
450,20251029,1
450,20251225,1
450,20251226,1
451,20250101,1
451,20250129,1
451,20250130,1
451,20250131,1
451,20250404,1
451,20250418,1
451,20250419,1
451,20250501,1
451,20250531,1
451,20251001,1
451,20251029,1
451,20251225,1
451,20251226,1
452,20250130,1
452,20250131,1
452,20250404,1
452,20250418,1
452,20250419,1
452,20250421,1
452,20250501,1
452,20250505,1
452,20250531,1
452,20250701,1
452,20251007,1
452,20251225,1
452,20251226,1
453,20250130,1
453,20250131,1
453,20250404,1
453,20250418,1
453,20250419,1
453,20250501,1
453,20250531,1
453,20250701,1
453,20251007,1
453,20251225,1
453,20251226,1
454,20250130,1
454,20250131,1
454,20250404,1
454,20250418,1
454,20250419,1
454,20250421,1
454,20250501,1
454,20250505,1
454,20250531,1
454,20251225,1
454,20251226,1
455,20250130,1
455,20250131,1
455,20250404,1
455,20250418,1
455,20250419,1
455,20250501,1
455,20250531,1
455,20251225,1
455,20251226,1
456,20250101,1
456,20250129,1
456,20250131,1
456,20250404,1
456,20250418,1
456,20250419,1
456,20250421,1
456,20250505,1
456,20250531,1
456,20250701,1
456,20251001,1
456,20251007,1
456,20251029,1
456,20251226,1
457,20250101,1
457,20250129,1
457,20250131,1
457,20250404,1
457,20250418,1
457,20250419,1
457,20250531,1
457,20250701,1
457,20251001,1
457,20251007,1
457,20251029,1
457,20251226,1
458,20250101,1
458,20250129,1
458,20250131,1
458,20250404,1
458,20250418,1
458,20250419,1
458,20250421,1
458,20250505,1
458,20250531,1
458,20251001,1
458,20251029,1
458,20251226,1
459,20250101,1
459,20250129,1
459,20250131,1
459,20250404,1
459,20250418,1
459,20250419,1
459,20250531,1
459,20251001,1
459,20251029,1
459,20251226,1
460,20250131,1
460,20250404,1
460,20250418,1
460,20250419,1
460,20250421,1
460,20250505,1
460,20250531,1
460,20250701,1
460,20251007,1
460,20251226,1
461,20250131,1
461,20250404,1
461,20250418,1
461,20250419,1
461,20250531,1
461,20250701,1
461,20251007,1
461,20251226,1
462,20250131,1
462,20250404,1
462,20250418,1
462,20250419,1
462,20250421,1
462,20250505,1
462,20250531,1
462,20251226,1
463,20250131,1
463,20250404,1
463,20250418,1
463,20250419,1
463,20250531,1
463,20251226,1
464,20250101,1
464,20250129,1
464,20250130,1
464,20250419,1
464,20250421,1
464,20250501,1
464,20250505,1
464,20250531,1
464,20250701,1
464,20251001,1
464,20251007,1
464,20251029,1
464,20251225,1
465,20250101,1
465,20250129,1
465,20250130,1
465,20250419,1
465,20250501,1
465,20250531,1
465,20250701,1
465,20251001,1
465,20251007,1
465,20251029,1
465,20251225,1
466,20250101,1
466,20250129,1
466,20250130,1
466,20250419,1
466,20250421,1
466,20250501,1
466,20250505,1
466,20250531,1
466,20251001,1
466,20251029,1
466,20251225,1
467,20250101,1
467,20250129,1
467,20250130,1
467,20250419,1
467,20250501,1
467,20250531,1
467,20251001,1
467,20251029,1
467,20251225,1
468,20250130,1
468,20250419,1
468,20250421,1
468,20250501,1
468,20250505,1
468,20250531,1
468,20250701,1
468,20251007,1
468,20251225,1
469,20250130,1
469,20250419,1
469,20250501,1
469,20250531,1
469,20250701,1
469,20251007,1
469,20251225,1
470,20250130,1
470,20250419,1
470,20250421,1
470,20250501,1
470,20250505,1
470,20250531,1
470,20251225,1
471,20250130,1
471,20250419,1
471,20250501,1
471,20250531,1
471,20251225,1
472,20250101,1
472,20250129,1
472,20250419,1
472,20250421,1
472,20250505,1
472,20250531,1
472,20250701,1
472,20251001,1
472,20251007,1
472,20251029,1
473,20250101,1
473,20250129,1
473,20250419,1
473,20250531,1
473,20250701,1
473,20251001,1
473,20251007,1
473,20251029,1
474,20250101,1
474,20250129,1
474,20250419,1
474,20250421,1
474,20250505,1
474,20250531,1
474,20251001,1
474,20251029,1
475,20250101,1
475,20250129,1
475,20250419,1
475,20250531,1
475,20251001,1
475,20251029,1
476,20250419,1
476,20250421,1
476,20250505,1
476,20250531,1
476,20250701,1
476,20251007,1
477,20250419,1
477,20250531,1
477,20250701,1
477,20251007,1
478,20250419,1
478,20250421,1
478,20250505,1
478,20250531,1
479,20250419,1
479,20250531,1
480,20250101,1
480,20250129,1
480,20250130,1
480,20250131,1
480,20250404,1
480,20250418,1
480,20250421,1
480,20250501,1
480,20250505,1
480,20250701,1
480,20251001,1
480,20251007,1
480,20251029,1
480,20251225,1
480,20251226,1
481,20250101,1
481,20250129,1
481,20250130,1
481,20250131,1
481,20250404,1
481,20250418,1
481,20250501,1
481,20250701,1
481,20251001,1
481,20251007,1
481,20251029,1
481,20251225,1
481,20251226,1
482,20250101,1
482,20250129,1
482,20250130,1
482,20250131,1
482,20250404,1
482,20250418,1
482,20250421,1
482,20250501,1
482,20250505,1
482,20251001,1
482,20251029,1
482,20251225,1
482,20251226,1
483,20250101,1
483,20250129,1
483,20250130,1
483,20250131,1
483,20250404,1
483,20250418,1
483,20250501,1
483,20251001,1
483,20251029,1
483,20251225,1
483,20251226,1
484,20250130,1
484,20250131,1
484,20250404,1
484,20250418,1
484,20250421,1
484,20250501,1
484,20250505,1
484,20250701,1
484,20251007,1
484,20251225,1
484,20251226,1
485,20250130,1
485,20250131,1
485,20250404,1
485,20250418,1
485,20250501,1
485,20250701,1
485,20251007,1
485,20251225,1
485,20251226,1
486,20250130,1
486,20250131,1
486,20250404,1
486,20250418,1
486,20250421,1
486,20250501,1
486,20250505,1
486,20251225,1
486,20251226,1
487,20250130,1
487,20250131,1
487,20250404,1
487,20250418,1
487,20250501,1
487,20251225,1
487,20251226,1
488,20250101,1
488,20250129,1
488,20250131,1
488,20250404,1
488,20250418,1
488,20250421,1
488,20250505,1
488,20250701,1
488,20251001,1
488,20251007,1
488,20251029,1
488,20251226,1
489,20250101,1
489,20250129,1
489,20250131,1
489,20250404,1
489,20250418,1
489,20250701,1
489,20251001,1
489,20251007,1
489,20251029,1
489,20251226,1
490,20250101,1
490,20250129,1
490,20250131,1
490,20250404,1
490,20250418,1
490,20250421,1
490,20250505,1
490,20251001,1
490,20251029,1
490,20251226,1
491,20250101,1
491,20250129,1
491,20250131,1
491,20250404,1
491,20250418,1
491,20251001,1
491,20251029,1
491,20251226,1
492,20250131,1
492,20250404,1
492,20250418,1
492,20250421,1
492,20250505,1
492,20250701,1
492,20251007,1
492,20251226,1
493,20250131,1
493,20250404,1
493,20250418,1
493,20250701,1
493,20251007,1
493,20251226,1
494,20250131,1
494,20250404,1
494,20250418,1
494,20250421,1
494,20250505,1
494,20251226,1
495,20250131,1
495,20250404,1
495,20250418,1
495,20251226,1
496,20250101,1
496,20250129,1
496,20250130,1
496,20250421,1
496,20250501,1
496,20250505,1
496,20250701,1
496,20251001,1
496,20251007,1
496,20251029,1
496,20251225,1
497,20250101,1
497,20250129,1
497,20250130,1
497,20250501,1
497,20250701,1
497,20251001,1
497,20251007,1
497,20251029,1
497,20251225,1
498,20250101,1
498,20250129,1
498,20250130,1
498,20250421,1
498,20250501,1
498,20250505,1
498,20251001,1
498,20251029,1
498,20251225,1
499,20250101,1
499,20250129,1
499,20250130,1
499,20250501,1
499,20251001,1
499,20251029,1
499,20251225,1
500,20250130,1
500,20250421,1
500,20250501,1
500,20250505,1
500,20250701,1
500,20251007,1
500,20251225,1
501,20250130,1
501,20250501,1
501,20250701,1
501,20251007,1
501,20251225,1
502,20250130,1
502,20250421,1
502,20250501,1
502,20250505,1
502,20251225,1
503,20250130,1
503,20250501,1
503,20251225,1
504,20250101,1
504,20250129,1
504,20250421,1
504,20250505,1
504,20250701,1
504,20251001,1
504,20251007,1
504,20251029,1
505,20250101,1
505,20250129,1
505,20250701,1
505,20251001,1
505,20251007,1
505,20251029,1
506,20250101,1
506,20250129,1
506,20250421,1
506,20250505,1
506,20251001,1
506,20251029,1
507,20250101,1
507,20250129,1
507,20251001,1
507,20251029,1
508,20250421,1
508,20250505,1
508,20250701,1
508,20251007,1
509,20250701,1
509,20251007,1
510,20250421,1
510,20250505,1
