service_id,date,exception_type
1,20230102,2
1,20230123,2
1,20230410,2
1,20230501,2
1,20231002,2
1,20231023,2
1,20231225,2
2,20230124,2
2,20231226,2
3,20230102,2
3,20230123,2
3,20230124,2
3,20230410,2
3,20230501,2
3,20231002,2
3,20231023,2
3,20231225,2
3,20231226,2
4,20230125,2
4,20230405,2
5,20230102,2
5,20230123,2
5,20230125,2
5,20230405,2
5,20230410,2
5,20230501,2
5,20231002,2
5,20231023,2
5,20231225,2
6,20230124,2
6,20230125,2
6,20230405,2
6,20231226,2
7,20230102,2
7,20230123,2
7,20230124,2
7,20230125,2
7,20230405,2
7,20230410,2
7,20230501,2
7,20231002,2
7,20231023,2
7,20231225,2
7,20231226,2
8,20230622,2
9,20230102,2
9,20230123,2
9,20230410,2
9,20230501,2
9,20230622,2
9,20231002,2
9,20231023,2
9,20231225,2
10,20230124,2
10,20230622,2
10,20231226,2
11,20230102,2
11,20230123,2
11,20230124,2
11,20230410,2
11,20230501,2
11,20230622,2
11,20231002,2
11,20231023,2
11,20231225,2
11,20231226,2
12,20230125,2
12,20230405,2
12,20230622,2
13,20230102,2
13,20230123,2
13,20230125,2
13,20230405,2
13,20230410,2
13,20230501,2
13,20230622,2
13,20231002,2
13,20231023,2
13,20231225,2
14,20230124,2
14,20230125,2
14,20230405,2
14,20230622,2
14,20231226,2
15,20230102,2
15,20230123,2
15,20230124,2
15,20230125,2
15,20230405,2
15,20230410,2
15,20230501,2
15,20230622,2
15,20231002,2
15,20231023,2
15,20231225,2
15,20231226,2
16,20230407,2
16,20230526,2
17,20230102,2
17,20230123,2
17,20230407,2
17,20230410,2
17,20230501,2
17,20230526,2
17,20231002,2
17,20231023,2
17,20231225,2
18,20230124,2
18,20230407,2
18,20230526,2
18,20231226,2
19,20230102,2
19,20230123,2
19,20230124,2
19,20230407,2
19,20230410,2
19,20230501,2
19,20230526,2
19,20231002,2
19,20231023,2
19,20231225,2
19,20231226,2
20,20230125,2
20,20230405,2
20,20230407,2
20,20230526,2
21,20230102,2
21,20230123,2
21,20230125,2
21,20230405,2
21,20230407,2
21,20230410,2
21,20230501,2
21,20230526,2
21,20231002,2
21,20231023,2
21,20231225,2
22,20230124,2
22,20230125,2
22,20230405,2
22,20230407,2
22,20230526,2
22,20231226,2
23,20230102,2
23,20230123,2
23,20230124,2
23,20230125,2
23,20230405,2
23,20230407,2
23,20230410,2
23,20230501,2
23,20230526,2
23,20231002,2
23,20231023,2
23,20231225,2
23,20231226,2
24,20230407,2
24,20230526,2
24,20230622,2
25,20230102,2
25,20230123,2
25,20230407,2
25,20230410,2
25,20230501,2
25,20230526,2
25,20230622,2
25,20231002,2
25,20231023,2
25,20231225,2
26,20230124,2
26,20230407,2
26,20230526,2
26,20230622,2
26,20231226,2
27,20230102,2
27,20230123,2
27,20230124,2
27,20230407,2
27,20230410,2
27,20230501,2
27,20230526,2
27,20230622,2
27,20231002,2
27,20231023,2
27,20231225,2
27,20231226,2
28,20230125,2
28,20230405,2
28,20230407,2
28,20230526,2
28,20230622,2
29,20230102,2
29,20230123,2
29,20230125,2
29,20230405,2
29,20230407,2
29,20230410,2
29,20230501,2
29,20230526,2
29,20230622,2
29,20231002,2
29,20231023,2
29,20231225,2
30,20230124,2
30,20230125,2
30,20230405,2
30,20230407,2
30,20230526,2
30,20230622,2
30,20231226,2
31,20230102,2
31,20230123,2
31,20230124,2
31,20230125,2
31,20230405,2
31,20230407,2
31,20230410,2
31,20230501,2
31,20230526,2
31,20230622,2
31,20231002,2
31,20231023,2
31,20231225,2
31,20231226,2
32,20230408,2
32,20230701,2
32,20230930,2
33,20230102,2
33,20230123,2
33,20230408,2
33,20230410,2
33,20230501,2
33,20230701,2
33,20230930,2
33,20231002,2
33,20231023,2
33,20231225,2
34,20230124,2
34,20230408,2
34,20230701,2
34,20230930,2
34,20231226,2
35,20230102,2
35,20230123,2
35,20230124,2
35,20230408,2
35,20230410,2
35,20230501,2
35,20230701,2
35,20230930,2
35,20231002,2
35,20231023,2
35,20231225,2
35,20231226,2
36,20230125,2
36,20230405,2
36,20230408,2
36,20230701,2
36,20230930,2
37,20230102,2
37,20230123,2
37,20230125,2
37,20230405,2
37,20230408,2
37,20230410,2
37,20230501,2
37,20230701,2
37,20230930,2
37,20231002,2
37,20231023,2
37,20231225,2
38,20230124,2
38,20230125,2
38,20230405,2
38,20230408,2
38,20230701,2
38,20230930,2
38,20231226,2
39,20230102,2
39,20230123,2
39,20230124,2
39,20230125,2
39,20230405,2
39,20230408,2
39,20230410,2
39,20230501,2
39,20230701,2
39,20230930,2
39,20231002,2
39,20231023,2
39,20231225,2
39,20231226,2
40,20230408,2
40,20230622,2
40,20230701,2
40,20230930,2
41,20230102,2
41,20230123,2
41,20230408,2
41,20230410,2
41,20230501,2
41,20230622,2
41,20230701,2
41,20230930,2
41,20231002,2
41,20231023,2
41,20231225,2
42,20230124,2
42,20230408,2
42,20230622,2
42,20230701,2
42,20230930,2
42,20231226,2
43,20230102,2
43,20230123,2
43,20230124,2
43,20230408,2
43,20230410,2
43,20230501,2
43,20230622,2
43,20230701,2
43,20230930,2
43,20231002,2
43,20231023,2
43,20231225,2
43,20231226,2
44,20230125,2
44,20230405,2
44,20230408,2
44,20230622,2
44,20230701,2
44,20230930,2
45,20230102,2
45,20230123,2
45,20230125,2
45,20230405,2
45,20230408,2
45,20230410,2
45,20230501,2
45,20230622,2
45,20230701,2
45,20230930,2
45,20231002,2
45,20231023,2
45,20231225,2
46,20230124,2
46,20230125,2
46,20230405,2
46,20230408,2
46,20230622,2
46,20230701,2
46,20230930,2
46,20231226,2
47,20230102,2
47,20230123,2
47,20230124,2
47,20230125,2
47,20230405,2
47,20230408,2
47,20230410,2
47,20230501,2
47,20230622,2
47,20230701,2
47,20230930,2
47,20231002,2
47,20231023,2
47,20231225,2
47,20231226,2
48,20230407,2
48,20230408,2
48,20230526,2
48,20230701,2
48,20230930,2
49,20230102,2
49,20230123,2
49,20230407,2
49,20230408,2
49,20230410,2
49,20230501,2
49,20230526,2
49,20230701,2
49,20230930,2
49,20231002,2
49,20231023,2
49,20231225,2
50,20230124,2
50,20230407,2
50,20230408,2
50,20230526,2
50,20230701,2
50,20230930,2
50,20231226,2
51,20230102,2
51,20230123,2
51,20230124,2
51,20230407,2
51,20230408,2
51,20230410,2
51,20230501,2
51,20230526,2
51,20230701,2
51,20230930,2
51,20231002,2
51,20231023,2
51,20231225,2
51,20231226,2
52,20230125,2
52,20230405,2
52,20230407,2
52,20230408,2
52,20230526,2
52,20230701,2
52,20230930,2
53,20230102,2
53,20230123,2
53,20230125,2
53,20230405,2
53,20230407,2
53,20230408,2
53,20230410,2
53,20230501,2
53,20230526,2
53,20230701,2
53,20230930,2
53,20231002,2
53,20231023,2
53,20231225,2
54,20230124,2
54,20230125,2
54,20230405,2
54,20230407,2
54,20230408,2
54,20230526,2
54,20230701,2
54,20230930,2
54,20231226,2
55,20230102,2
55,20230123,2
55,20230124,2
55,20230125,2
55,20230405,2
55,20230407,2
55,20230408,2
55,20230410,2
55,20230501,2
55,20230526,2
55,20230701,2
55,20230930,2
55,20231002,2
55,20231023,2
55,20231225,2
55,20231226,2
56,20230407,2
56,20230408,2
56,20230526,2
56,20230622,2
56,20230701,2
56,20230930,2
57,20230102,2
57,20230123,2
57,20230407,2
57,20230408,2
57,20230410,2
57,20230501,2
57,20230526,2
57,20230622,2
57,20230701,2
57,20230930,2
57,20231002,2
57,20231023,2
57,20231225,2
58,20230124,2
58,20230407,2
58,20230408,2
58,20230526,2
58,20230622,2
58,20230701,2
58,20230930,2
58,20231226,2
59,20230102,2
59,20230123,2
59,20230124,2
59,20230407,2
59,20230408,2
59,20230410,2
59,20230501,2
59,20230526,2
59,20230622,2
59,20230701,2
59,20230930,2
59,20231002,2
59,20231023,2
59,20231225,2
59,20231226,2
60,20230125,2
60,20230405,2
60,20230407,2
60,20230408,2
60,20230526,2
60,20230622,2
60,20230701,2
60,20230930,2
61,20230102,2
61,20230123,2
61,20230125,2
61,20230405,2
61,20230407,2
61,20230408,2
61,20230410,2
61,20230501,2
61,20230526,2
61,20230622,2
61,20230701,2
61,20230930,2
61,20231002,2
61,20231023,2
61,20231225,2
62,20230124,2
62,20230125,2
62,20230405,2
62,20230407,2
62,20230408,2
62,20230526,2
62,20230622,2
62,20230701,2
62,20230930,2
62,20231226,2
63,20230102,2
63,20230123,2
63,20230124,2
63,20230125,2
63,20230405,2
63,20230407,2
63,20230408,2
63,20230410,2
63,20230501,2
63,20230526,2
63,20230622,2
63,20230701,2
63,20230930,2
63,20231002,2
63,20231023,2
63,20231225,2
63,20231226,2
65,20230102,2
65,20230123,2
65,20230410,2
65,20230501,2
65,20231002,2
65,20231023,2
65,20231225,2
66,20230124,2
66,20231226,2
67,20230102,2
67,20230123,2
67,20230124,2
67,20230410,2
67,20230501,2
67,20231002,2
67,20231023,2
67,20231225,2
67,20231226,2
68,20230125,2
68,20230405,2
69,20230102,2
69,20230123,2
69,20230125,2
69,20230405,2
69,20230410,2
69,20230501,2
69,20231002,2
69,20231023,2
69,20231225,2
70,20230124,2
70,20230125,2
70,20230405,2
70,20231226,2
71,20230102,2
71,20230123,2
71,20230124,2
71,20230125,2
71,20230405,2
71,20230410,2
71,20230501,2
71,20231002,2
71,20231023,2
71,20231225,2
71,20231226,2
72,20230622,2
73,20230102,2
73,20230123,2
73,20230410,2
73,20230501,2
73,20230622,2
73,20231002,2
73,20231023,2
73,20231225,2
74,20230124,2
74,20230622,2
74,20231226,2
75,20230102,2
75,20230123,2
75,20230124,2
75,20230410,2
75,20230501,2
75,20230622,2
75,20231002,2
75,20231023,2
75,20231225,2
75,20231226,2
76,20230125,2
76,20230405,2
76,20230622,2
77,20230102,2
77,20230123,2
77,20230125,2
77,20230405,2
77,20230410,2
77,20230501,2
77,20230622,2
77,20231002,2
77,20231023,2
77,20231225,2
78,20230124,2
78,20230125,2
78,20230405,2
78,20230622,2
78,20231226,2
79,20230102,2
79,20230123,2
79,20230124,2
79,20230125,2
79,20230405,2
79,20230410,2
79,20230501,2
79,20230622,2
79,20231002,2
79,20231023,2
79,20231225,2
79,20231226,2
80,20230407,2
80,20230526,2
81,20230102,2
81,20230123,2
81,20230407,2
81,20230410,2
81,20230501,2
81,20230526,2
81,20231002,2
81,20231023,2
81,20231225,2
82,20230124,2
82,20230407,2
82,20230526,2
82,20231226,2
83,20230102,2
83,20230123,2
83,20230124,2
83,20230407,2
83,20230410,2
83,20230501,2
83,20230526,2
83,20231002,2
83,20231023,2
83,20231225,2
83,20231226,2
84,20230125,2
84,20230405,2
84,20230407,2
84,20230526,2
85,20230102,2
85,20230123,2
85,20230125,2
85,20230405,2
85,20230407,2
85,20230410,2
85,20230501,2
85,20230526,2
85,20231002,2
85,20231023,2
85,20231225,2
86,20230124,2
86,20230125,2
86,20230405,2
86,20230407,2
86,20230526,2
86,20231226,2
87,20230102,2
87,20230123,2
87,20230124,2
87,20230125,2
87,20230405,2
87,20230407,2
87,20230410,2
87,20230501,2
87,20230526,2
87,20231002,2
87,20231023,2
87,20231225,2
87,20231226,2
88,20230407,2
88,20230526,2
88,20230622,2
89,20230102,2
89,20230123,2
89,20230407,2
89,20230410,2
89,20230501,2
89,20230526,2
89,20230622,2
89,20231002,2
89,20231023,2
89,20231225,2
90,20230124,2
90,20230407,2
90,20230526,2
90,20230622,2
90,20231226,2
91,20230102,2
91,20230123,2
91,20230124,2
91,20230407,2
91,20230410,2
91,20230501,2
91,20230526,2
91,20230622,2
91,20231002,2
91,20231023,2
91,20231225,2
91,20231226,2
92,20230125,2
92,20230405,2
92,20230407,2
92,20230526,2
92,20230622,2
93,20230102,2
93,20230123,2
93,20230125,2
93,20230405,2
93,20230407,2
93,20230410,2
93,20230501,2
93,20230526,2
93,20230622,2
93,20231002,2
93,20231023,2
93,20231225,2
94,20230124,2
94,20230125,2
94,20230405,2
94,20230407,2
94,20230526,2
94,20230622,2
94,20231226,2
95,20230102,2
95,20230123,2
95,20230124,2
95,20230125,2
95,20230405,2
95,20230407,2
95,20230410,2
95,20230501,2
95,20230526,2
95,20230622,2
95,20231002,2
95,20231023,2
95,20231225,2
95,20231226,2
96,20230408,2
96,20230701,2
96,20230930,2
97,20230102,2
97,20230123,2
97,20230408,2
97,20230410,2
97,20230501,2
97,20230701,2
97,20230930,2
97,20231002,2
97,20231023,2
97,20231225,2
98,20230124,2
98,20230408,2
98,20230701,2
98,20230930,2
98,20231226,2
99,20230102,2
99,20230123,2
99,20230124,2
99,20230408,2
99,20230410,2
99,20230501,2
99,20230701,2
99,20230930,2
99,20231002,2
99,20231023,2
99,20231225,2
99,20231226,2
100,20230125,2
100,20230405,2
100,20230408,2
100,20230701,2
100,20230930,2
101,20230102,2
101,20230123,2
101,20230125,2
101,20230405,2
101,20230408,2
101,20230410,2
101,20230501,2
101,20230701,2
101,20230930,2
101,20231002,2
101,20231023,2
101,20231225,2
102,20230124,2
102,20230125,2
102,20230405,2
102,20230408,2
102,20230701,2
102,20230930,2
102,20231226,2
103,20230102,2
103,20230123,2
103,20230124,2
103,20230125,2
103,20230405,2
103,20230408,2
103,20230410,2
103,20230501,2
103,20230701,2
103,20230930,2
103,20231002,2
103,20231023,2
103,20231225,2
103,20231226,2
104,20230408,2
104,20230622,2
104,20230701,2
104,20230930,2
105,20230102,2
105,20230123,2
105,20230408,2
105,20230410,2
105,20230501,2
105,20230622,2
105,20230701,2
105,20230930,2
105,20231002,2
105,20231023,2
105,20231225,2
106,20230124,2
106,20230408,2
106,20230622,2
106,20230701,2
106,20230930,2
106,20231226,2
107,20230102,2
107,20230123,2
107,20230124,2
107,20230408,2
107,20230410,2
107,20230501,2
107,20230622,2
107,20230701,2
107,20230930,2
107,20231002,2
107,20231023,2
107,20231225,2
107,20231226,2
108,20230125,2
108,20230405,2
108,20230408,2
108,20230622,2
108,20230701,2
108,20230930,2
109,20230102,2
109,20230123,2
109,20230125,2
109,20230405,2
109,20230408,2
109,20230410,2
109,20230501,2
109,20230622,2
109,20230701,2
109,20230930,2
109,20231002,2
109,20231023,2
109,20231225,2
110,20230124,2
110,20230125,2
110,20230405,2
110,20230408,2
110,20230622,2
110,20230701,2
110,20230930,2
110,20231226,2
111,20230102,2
111,20230123,2
111,20230124,2
111,20230125,2
111,20230405,2
111,20230408,2
111,20230410,2
111,20230501,2
111,20230622,2
111,20230701,2
111,20230930,2
111,20231002,2
111,20231023,2
111,20231225,2
111,20231226,2
112,20230407,2
112,20230408,2
112,20230526,2
112,20230701,2
112,20230930,2
113,20230102,2
113,20230123,2
113,20230407,2
113,20230408,2
113,20230410,2
113,20230501,2
113,20230526,2
113,20230701,2
113,20230930,2
113,20231002,2
113,20231023,2
113,20231225,2
114,20230124,2
114,20230407,2
114,20230408,2
114,20230526,2
114,20230701,2
114,20230930,2
114,20231226,2
115,20230102,2
115,20230123,2
115,20230124,2
115,20230407,2
115,20230408,2
115,20230410,2
115,20230501,2
115,20230526,2
115,20230701,2
115,20230930,2
115,20231002,2
115,20231023,2
115,20231225,2
115,20231226,2
116,20230125,2
116,20230405,2
116,20230407,2
116,20230408,2
116,20230526,2
116,20230701,2
116,20230930,2
117,20230102,2
117,20230123,2
117,20230125,2
117,20230405,2
117,20230407,2
117,20230408,2
117,20230410,2
117,20230501,2
117,20230526,2
117,20230701,2
117,20230930,2
117,20231002,2
117,20231023,2
117,20231225,2
118,20230124,2
118,20230125,2
118,20230405,2
118,20230407,2
118,20230408,2
118,20230526,2
118,20230701,2
118,20230930,2
118,20231226,2
119,20230102,2
119,20230123,2
119,20230124,2
119,20230125,2
119,20230405,2
119,20230407,2
119,20230408,2
119,20230410,2
119,20230501,2
119,20230526,2
119,20230701,2
119,20230930,2
119,20231002,2
119,20231023,2
119,20231225,2
119,20231226,2
120,20230407,2
120,20230408,2
120,20230526,2
120,20230622,2
120,20230701,2
120,20230930,2
121,20230102,2
121,20230123,2
121,20230407,2
121,20230408,2
121,20230410,2
121,20230501,2
121,20230526,2
121,20230622,2
121,20230701,2
121,20230930,2
121,20231002,2
121,20231023,2
121,20231225,2
122,20230124,2
122,20230407,2
122,20230408,2
122,20230526,2
122,20230622,2
122,20230701,2
122,20230930,2
122,20231226,2
123,20230102,2
123,20230123,2
123,20230124,2
123,20230407,2
123,20230408,2
123,20230410,2
123,20230501,2
123,20230526,2
123,20230622,2
123,20230701,2
123,20230930,2
123,20231002,2
123,20231023,2
123,20231225,2
123,20231226,2
124,20230125,2
124,20230405,2
124,20230407,2
124,20230408,2
124,20230526,2
124,20230622,2
124,20230701,2
124,20230930,2
125,20230102,2
125,20230123,2
125,20230125,2
125,20230405,2
125,20230407,2
125,20230408,2
125,20230410,2
125,20230501,2
125,20230526,2
125,20230622,2
125,20230701,2
125,20230930,2
125,20231002,2
125,20231023,2
125,20231225,2
126,20230124,2
126,20230125,2
126,20230405,2
126,20230407,2
126,20230408,2
126,20230526,2
126,20230622,2
126,20230701,2
126,20230930,2
126,20231226,2
127,20230102,2
127,20230123,2
127,20230124,2
127,20230125,2
127,20230405,2
127,20230407,2
127,20230408,2
127,20230410,2
127,20230501,2
127,20230526,2
127,20230622,2
127,20230701,2
127,20230930,2
127,20231002,2
127,20231023,2
127,20231225,2
127,20231226,2
128,20230102,1
128,20230123,1
128,20230124,1
128,20230125,1
128,20230405,1
128,20230407,1
128,20230408,1
128,20230410,1
128,20230501,1
128,20230526,1
128,20230622,1
128,20230701,1
128,20230930,1
128,20231002,1
128,20231023,1
128,20231225,1
128,20231226,1
129,20230124,1
129,20230125,1
129,20230405,1
129,20230407,1
129,20230408,1
129,20230526,1
129,20230622,1
129,20230701,1
129,20230930,1
129,20231226,1
130,20230102,1
130,20230123,1
130,20230125,1
130,20230405,1
130,20230407,1
130,20230408,1
130,20230410,1
130,20230501,1
130,20230526,1
130,20230622,1
130,20230701,1
130,20230930,1
130,20231002,1
130,20231023,1
130,20231225,1
131,20230125,1
131,20230405,1
131,20230407,1
131,20230408,1
131,20230526,1
131,20230622,1
131,20230701,1
131,20230930,1
132,20230102,1
132,20230123,1
132,20230124,1
132,20230407,1
132,20230408,1
132,20230410,1
132,20230501,1
132,20230526,1
132,20230622,1
132,20230701,1
132,20230930,1
132,20231002,1
132,20231023,1
132,20231225,1
132,20231226,1
133,20230124,1
133,20230407,1
133,20230408,1
133,20230526,1
133,20230622,1
133,20230701,1
133,20230930,1
133,20231226,1
134,20230102,1
134,20230123,1
134,20230407,1
134,20230408,1
134,20230410,1
134,20230501,1
134,20230526,1
134,20230622,1
134,20230701,1
134,20230930,1
134,20231002,1
134,20231023,1
134,20231225,1
135,20230407,1
135,20230408,1
135,20230526,1
135,20230622,1
135,20230701,1
135,20230930,1
136,20230102,1
136,20230123,1
136,20230124,1
136,20230125,1
136,20230405,1
136,20230407,1
136,20230408,1
136,20230410,1
136,20230501,1
136,20230526,1
136,20230701,1
136,20230930,1
136,20231002,1
136,20231023,1
136,20231225,1
136,20231226,1
137,20230124,1
137,20230125,1
137,20230405,1
137,20230407,1
137,20230408,1
137,20230526,1
137,20230701,1
137,20230930,1
137,20231226,1
138,20230102,1
138,20230123,1
138,20230125,1
138,20230405,1
138,20230407,1
138,20230408,1
138,20230410,1
138,20230501,1
138,20230526,1
138,20230701,1
138,20230930,1
138,20231002,1
138,20231023,1
138,20231225,1
139,20230125,1
139,20230405,1
139,20230407,1
139,20230408,1
139,20230526,1
139,20230701,1
139,20230930,1
140,20230102,1
140,20230123,1
140,20230124,1
140,20230407,1
140,20230408,1
140,20230410,1
140,20230501,1
140,20230526,1
140,20230701,1
140,20230930,1
140,20231002,1
140,20231023,1
140,20231225,1
140,20231226,1
141,20230124,1
141,20230407,1
141,20230408,1
141,20230526,1
141,20230701,1
141,20230930,1
141,20231226,1
142,20230102,1
142,20230123,1
142,20230407,1
142,20230408,1
142,20230410,1
142,20230501,1
142,20230526,1
142,20230701,1
142,20230930,1
142,20231002,1
142,20231023,1
142,20231225,1
143,20230407,1
143,20230408,1
143,20230526,1
143,20230701,1
143,20230930,1
144,20230102,1
144,20230123,1
144,20230124,1
144,20230125,1
144,20230405,1
144,20230408,1
144,20230410,1
144,20230501,1
144,20230622,1
144,20230701,1
144,20230930,1
144,20231002,1
144,20231023,1
144,20231225,1
144,20231226,1
145,20230124,1
145,20230125,1
145,20230405,1
145,20230408,1
145,20230622,1
145,20230701,1
145,20230930,1
145,20231226,1
146,20230102,1
146,20230123,1
146,20230125,1
146,20230405,1
146,20230408,1
146,20230410,1
146,20230501,1
146,20230622,1
146,20230701,1
146,20230930,1
146,20231002,1
146,20231023,1
146,20231225,1
147,20230125,1
147,20230405,1
147,20230408,1
147,20230622,1
147,20230701,1
147,20230930,1
148,20230102,1
148,20230123,1
148,20230124,1
148,20230408,1
148,20230410,1
148,20230501,1
148,20230622,1
148,20230701,1
148,20230930,1
148,20231002,1
148,20231023,1
148,20231225,1
148,20231226,1
149,20230124,1
149,20230408,1
149,20230622,1
149,20230701,1
149,20230930,1
149,20231226,1
150,20230102,1
150,20230123,1
150,20230408,1
150,20230410,1
150,20230501,1
150,20230622,1
150,20230701,1
150,20230930,1
150,20231002,1
150,20231023,1
150,20231225,1
151,20230408,1
151,20230622,1
151,20230701,1
151,20230930,1
152,20230102,1
152,20230123,1
152,20230124,1
152,20230125,1
152,20230405,1
152,20230408,1
152,20230410,1
152,20230501,1
152,20230701,1
152,20230930,1
152,20231002,1
152,20231023,1
152,20231225,1
152,20231226,1
153,20230124,1
153,20230125,1
153,20230405,1
153,20230408,1
153,20230701,1
153,20230930,1
153,20231226,1
154,20230102,1
154,20230123,1
154,20230125,1
154,20230405,1
154,20230408,1
154,20230410,1
154,20230501,1
154,20230701,1
154,20230930,1
154,20231002,1
154,20231023,1
154,20231225,1
155,20230125,1
155,20230405,1
155,20230408,1
155,20230701,1
155,20230930,1
156,20230102,1
156,20230123,1
156,20230124,1
156,20230408,1
156,20230410,1
156,20230501,1
156,20230701,1
156,20230930,1
156,20231002,1
156,20231023,1
156,20231225,1
156,20231226,1
157,20230124,1
157,20230408,1
157,20230701,1
157,20230930,1
157,20231226,1
158,20230102,1
158,20230123,1
158,20230408,1
158,20230410,1
158,20230501,1
158,20230701,1
158,20230930,1
158,20231002,1
158,20231023,1
158,20231225,1
159,20230408,1
159,20230701,1
159,20230930,1
160,20230102,1
160,20230123,1
160,20230124,1
160,20230125,1
160,20230405,1
160,20230407,1
160,20230410,1
160,20230501,1
160,20230526,1
160,20230622,1
160,20231002,1
160,20231023,1
160,20231225,1
160,20231226,1
161,20230124,1
161,20230125,1
161,20230405,1
161,20230407,1
161,20230526,1
161,20230622,1
161,20231226,1
162,20230102,1
162,20230123,1
162,20230125,1
162,20230405,1
162,20230407,1
162,20230410,1
162,20230501,1
162,20230526,1
162,20230622,1
162,20231002,1
162,20231023,1
162,20231225,1
163,20230125,1
163,20230405,1
163,20230407,1
163,20230526,1
163,20230622,1
164,20230102,1
164,20230123,1
164,20230124,1
164,20230407,1
164,20230410,1
164,20230501,1
164,20230526,1
164,20230622,1
164,20231002,1
164,20231023,1
164,20231225,1
164,20231226,1
165,20230124,1
165,20230407,1
165,20230526,1
165,20230622,1
165,20231226,1
166,20230102,1
166,20230123,1
166,20230407,1
166,20230410,1
166,20230501,1
166,20230526,1
166,20230622,1
166,20231002,1
166,20231023,1
166,20231225,1
167,20230407,1
167,20230526,1
167,20230622,1
168,20230102,1
168,20230123,1
168,20230124,1
168,20230125,1
168,20230405,1
168,20230407,1
168,20230410,1
168,20230501,1
168,20230526,1
168,20231002,1
168,20231023,1
168,20231225,1
168,20231226,1
169,20230124,1
169,20230125,1
169,20230405,1
169,20230407,1
169,20230526,1
169,20231226,1
170,20230102,1
170,20230123,1
170,20230125,1
170,20230405,1
170,20230407,1
170,20230410,1
170,20230501,1
170,20230526,1
170,20231002,1
170,20231023,1
170,20231225,1
171,20230125,1
171,20230405,1
171,20230407,1
171,20230526,1
172,20230102,1
172,20230123,1
172,20230124,1
172,20230407,1
172,20230410,1
172,20230501,1
172,20230526,1
172,20231002,1
172,20231023,1
172,20231225,1
172,20231226,1
173,20230124,1
173,20230407,1
173,20230526,1
173,20231226,1
174,20230102,1
174,20230123,1
174,20230407,1
174,20230410,1
174,20230501,1
174,20230526,1
174,20231002,1
174,20231023,1
174,20231225,1
175,20230407,1
175,20230526,1
176,20230102,1
176,20230123,1
176,20230124,1
176,20230125,1
176,20230405,1
176,20230410,1
176,20230501,1
176,20230622,1
176,20231002,1
176,20231023,1
176,20231225,1
176,20231226,1
177,20230124,1
177,20230125,1
177,20230405,1
177,20230622,1
177,20231226,1
178,20230102,1
178,20230123,1
178,20230125,1
178,20230405,1
178,20230410,1
178,20230501,1
178,20230622,1
178,20231002,1
178,20231023,1
178,20231225,1
179,20230125,1
179,20230405,1
179,20230622,1
180,20230102,1
180,20230123,1
180,20230124,1
180,20230410,1
180,20230501,1
180,20230622,1
180,20231002,1
180,20231023,1
180,20231225,1
180,20231226,1
181,20230124,1
181,20230622,1
181,20231226,1
182,20230102,1
182,20230123,1
182,20230410,1
182,20230501,1
182,20230622,1
182,20231002,1
182,20231023,1
182,20231225,1
183,20230622,1
184,20230102,1
184,20230123,1
184,20230124,1
184,20230125,1
184,20230405,1
184,20230410,1
184,20230501,1
184,20231002,1
184,20231023,1
184,20231225,1
184,20231226,1
185,20230124,1
185,20230125,1
185,20230405,1
185,20231226,1
186,20230102,1
186,20230123,1
186,20230125,1
186,20230405,1
186,20230410,1
186,20230501,1
186,20231002,1
186,20231023,1
186,20231225,1
187,20230125,1
187,20230405,1
188,20230102,1
188,20230123,1
188,20230124,1
188,20230410,1
188,20230501,1
188,20231002,1
188,20231023,1
188,20231225,1
188,20231226,1
189,20230124,1
189,20231226,1
190,20230102,1
190,20230123,1
190,20230410,1
190,20230501,1
190,20231002,1
190,20231023,1
190,20231225,1
192,20230102,1
192,20230123,1
192,20230124,1
192,20230125,1
192,20230405,1
192,20230407,1
192,20230408,1
192,20230410,1
192,20230501,1
192,20230526,1
192,20230622,1
192,20230701,1
192,20230930,1
192,20231002,1
192,20231023,1
192,20231225,1
192,20231226,1
193,20230124,1
193,20230125,1
193,20230405,1
193,20230407,1
193,20230408,1
193,20230526,1
193,20230622,1
193,20230701,1
193,20230930,1
193,20231226,1
194,20230102,1
194,20230123,1
194,20230125,1
194,20230405,1
194,20230407,1
194,20230408,1
194,20230410,1
194,20230501,1
194,20230526,1
194,20230622,1
194,20230701,1
194,20230930,1
194,20231002,1
194,20231023,1
194,20231225,1
195,20230125,1
195,20230405,1
195,20230407,1
195,20230408,1
195,20230526,1
195,20230622,1
195,20230701,1
195,20230930,1
196,20230102,1
196,20230123,1
196,20230124,1
196,20230407,1
196,20230408,1
196,20230410,1
196,20230501,1
196,20230526,1
196,20230622,1
196,20230701,1
196,20230930,1
196,20231002,1
196,20231023,1
196,20231225,1
196,20231226,1
197,20230124,1
197,20230407,1
197,20230408,1
197,20230526,1
197,20230622,1
197,20230701,1
197,20230930,1
197,20231226,1
198,20230102,1
198,20230123,1
198,20230407,1
198,20230408,1
198,20230410,1
198,20230501,1
198,20230526,1
198,20230622,1
198,20230701,1
198,20230930,1
198,20231002,1
198,20231023,1
198,20231225,1
199,20230407,1
199,20230408,1
199,20230526,1
199,20230622,1
199,20230701,1
199,20230930,1
200,20230102,1
200,20230123,1
200,20230124,1
200,20230125,1
200,20230405,1
200,20230407,1
200,20230408,1
200,20230410,1
200,20230501,1
200,20230526,1
200,20230701,1
200,20230930,1
200,20231002,1
200,20231023,1
200,20231225,1
200,20231226,1
201,20230124,1
201,20230125,1
201,20230405,1
201,20230407,1
201,20230408,1
201,20230526,1
201,20230701,1
201,20230930,1
201,20231226,1
202,20230102,1
202,20230123,1
202,20230125,1
202,20230405,1
202,20230407,1
202,20230408,1
202,20230410,1
202,20230501,1
202,20230526,1
202,20230701,1
202,20230930,1
202,20231002,1
202,20231023,1
202,20231225,1
203,20230125,1
203,20230405,1
203,20230407,1
203,20230408,1
203,20230526,1
203,20230701,1
203,20230930,1
204,20230102,1
204,20230123,1
204,20230124,1
204,20230407,1
204,20230408,1
204,20230410,1
204,20230501,1
204,20230526,1
204,20230701,1
204,20230930,1
204,20231002,1
204,20231023,1
204,20231225,1
204,20231226,1
205,20230124,1
205,20230407,1
205,20230408,1
205,20230526,1
205,20230701,1
205,20230930,1
205,20231226,1
206,20230102,1
206,20230123,1
206,20230407,1
206,20230408,1
206,20230410,1
206,20230501,1
206,20230526,1
206,20230701,1
206,20230930,1
206,20231002,1
206,20231023,1
206,20231225,1
207,20230407,1
207,20230408,1
207,20230526,1
207,20230701,1
207,20230930,1
208,20230102,1
208,20230123,1
208,20230124,1
208,20230125,1
208,20230405,1
208,20230408,1
208,20230410,1
208,20230501,1
208,20230622,1
208,20230701,1
208,20230930,1
208,20231002,1
208,20231023,1
208,20231225,1
208,20231226,1
209,20230124,1
209,20230125,1
209,20230405,1
209,20230408,1
209,20230622,1
209,20230701,1
209,20230930,1
209,20231226,1
210,20230102,1
210,20230123,1
210,20230125,1
210,20230405,1
210,20230408,1
210,20230410,1
210,20230501,1
210,20230622,1
210,20230701,1
210,20230930,1
210,20231002,1
210,20231023,1
210,20231225,1
211,20230125,1
211,20230405,1
211,20230408,1
211,20230622,1
211,20230701,1
211,20230930,1
212,20230102,1
212,20230123,1
212,20230124,1
212,20230408,1
212,20230410,1
212,20230501,1
212,20230622,1
212,20230701,1
212,20230930,1
212,20231002,1
212,20231023,1
212,20231225,1
212,20231226,1
213,20230124,1
213,20230408,1
213,20230622,1
213,20230701,1
213,20230930,1
213,20231226,1
214,20230102,1
214,20230123,1
214,20230408,1
214,20230410,1
214,20230501,1
214,20230622,1
214,20230701,1
214,20230930,1
214,20231002,1
214,20231023,1
214,20231225,1
215,20230408,1
215,20230622,1
215,20230701,1
215,20230930,1
216,20230102,1
216,20230123,1
216,20230124,1
216,20230125,1
216,20230405,1
216,20230408,1
216,20230410,1
216,20230501,1
216,20230701,1
216,20230930,1
216,20231002,1
216,20231023,1
216,20231225,1
216,20231226,1
217,20230124,1
217,20230125,1
217,20230405,1
217,20230408,1
217,20230701,1
217,20230930,1
217,20231226,1
218,20230102,1
218,20230123,1
218,20230125,1
218,20230405,1
218,20230408,1
218,20230410,1
218,20230501,1
218,20230701,1
218,20230930,1
218,20231002,1
218,20231023,1
218,20231225,1
219,20230125,1
219,20230405,1
219,20230408,1
219,20230701,1
219,20230930,1
220,20230102,1
220,20230123,1
220,20230124,1
220,20230408,1
220,20230410,1
220,20230501,1
220,20230701,1
220,20230930,1
220,20231002,1
220,20231023,1
220,20231225,1
220,20231226,1
221,20230124,1
221,20230408,1
221,20230701,1
221,20230930,1
221,20231226,1
222,20230102,1
222,20230123,1
222,20230408,1
222,20230410,1
222,20230501,1
222,20230701,1
222,20230930,1
222,20231002,1
222,20231023,1
222,20231225,1
223,20230408,1
223,20230701,1
223,20230930,1
224,20230102,1
224,20230123,1
224,20230124,1
224,20230125,1
224,20230405,1
224,20230407,1
224,20230410,1
224,20230501,1
224,20230526,1
224,20230622,1
224,20231002,1
224,20231023,1
224,20231225,1
224,20231226,1
225,20230124,1
225,20230125,1
225,20230405,1
225,20230407,1
225,20230526,1
225,20230622,1
225,20231226,1
226,20230102,1
226,20230123,1
226,20230125,1
226,20230405,1
226,20230407,1
226,20230410,1
226,20230501,1
226,20230526,1
226,20230622,1
226,20231002,1
226,20231023,1
226,20231225,1
227,20230125,1
227,20230405,1
227,20230407,1
227,20230526,1
227,20230622,1
228,20230102,1
228,20230123,1
228,20230124,1
228,20230407,1
228,20230410,1
228,20230501,1
228,20230526,1
228,20230622,1
228,20231002,1
228,20231023,1
228,20231225,1
228,20231226,1
229,20230124,1
229,20230407,1
229,20230526,1
229,20230622,1
229,20231226,1
230,20230102,1
230,20230123,1
230,20230407,1
230,20230410,1
230,20230501,1
230,20230526,1
230,20230622,1
230,20231002,1
230,20231023,1
230,20231225,1
231,20230407,1
231,20230526,1
231,20230622,1
232,20230102,1
232,20230123,1
232,20230124,1
232,20230125,1
232,20230405,1
232,20230407,1
232,20230410,1
232,20230501,1
232,20230526,1
232,20231002,1
232,20231023,1
232,20231225,1
232,20231226,1
233,20230124,1
233,20230125,1
233,20230405,1
233,20230407,1
233,20230526,1
233,20231226,1
234,20230102,1
234,20230123,1
234,20230125,1
234,20230405,1
234,20230407,1
234,20230410,1
234,20230501,1
234,20230526,1
234,20231002,1
234,20231023,1
234,20231225,1
235,20230125,1
235,20230405,1
235,20230407,1
235,20230526,1
236,20230102,1
236,20230123,1
236,20230124,1
236,20230407,1
236,20230410,1
236,20230501,1
236,20230526,1
236,20231002,1
236,20231023,1
236,20231225,1
236,20231226,1
237,20230124,1
237,20230407,1
237,20230526,1
237,20231226,1
238,20230102,1
238,20230123,1
238,20230407,1
238,20230410,1
238,20230501,1
238,20230526,1
238,20231002,1
238,20231023,1
238,20231225,1
239,20230407,1
239,20230526,1
240,20230102,1
240,20230123,1
240,20230124,1
240,20230125,1
240,20230405,1
240,20230410,1
240,20230501,1
240,20230622,1
240,20231002,1
240,20231023,1
240,20231225,1
240,20231226,1
241,20230124,1
241,20230125,1
241,20230405,1
241,20230622,1
241,20231226,1
242,20230102,1
242,20230123,1
242,20230125,1
242,20230405,1
242,20230410,1
242,20230501,1
242,20230622,1
242,20231002,1
242,20231023,1
242,20231225,1
243,20230125,1
243,20230405,1
243,20230622,1
244,20230102,1
244,20230123,1
244,20230124,1
244,20230410,1
244,20230501,1
244,20230622,1
244,20231002,1
244,20231023,1
244,20231225,1
244,20231226,1
245,20230124,1
245,20230622,1
245,20231226,1
246,20230102,1
246,20230123,1
246,20230410,1
246,20230501,1
246,20230622,1
246,20231002,1
246,20231023,1
246,20231225,1
247,20230622,1
248,20230102,1
248,20230123,1
248,20230124,1
248,20230125,1
248,20230405,1
248,20230410,1
248,20230501,1
248,20231002,1
248,20231023,1
248,20231225,1
248,20231226,1
249,20230124,1
249,20230125,1
249,20230405,1
249,20231226,1
250,20230102,1
250,20230123,1
250,20230125,1
250,20230405,1
250,20230410,1
250,20230501,1
250,20231002,1
250,20231023,1
250,20231225,1
251,20230125,1
251,20230405,1
252,20230102,1
252,20230123,1
252,20230124,1
252,20230410,1
252,20230501,1
252,20231002,1
252,20231023,1
252,20231225,1
252,20231226,1
253,20230124,1
253,20231226,1
254,20230102,1
254,20230123,1
254,20230410,1
254,20230501,1
254,20231002,1
254,20231023,1
254,20231225,1
257,20230102,2
257,20230123,2
257,20230410,2
257,20230501,2
257,20231002,2
257,20231023,2
257,20231225,2
258,20230124,2
258,20231226,2
259,20230102,2
259,20230123,2
259,20230124,2
259,20230410,2
259,20230501,2
259,20231002,2
259,20231023,2
259,20231225,2
259,20231226,2
260,20230125,2
260,20230405,2
261,20230102,2
261,20230123,2
261,20230125,2
261,20230405,2
261,20230410,2
261,20230501,2
261,20231002,2
261,20231023,2
261,20231225,2
262,20230124,2
262,20230125,2
262,20230405,2
262,20231226,2
263,20230102,2
263,20230123,2
263,20230124,2
263,20230125,2
263,20230405,2
263,20230410,2
263,20230501,2
263,20231002,2
263,20231023,2
263,20231225,2
263,20231226,2
264,20230622,2
265,20230102,2
265,20230123,2
265,20230410,2
265,20230501,2
265,20230622,2
265,20231002,2
265,20231023,2
265,20231225,2
266,20230124,2
266,20230622,2
266,20231226,2
267,20230102,2
267,20230123,2
267,20230124,2
267,20230410,2
267,20230501,2
267,20230622,2
267,20231002,2
267,20231023,2
267,20231225,2
267,20231226,2
268,20230125,2
268,20230405,2
268,20230622,2
269,20230102,2
269,20230123,2
269,20230125,2
269,20230405,2
269,20230410,2
269,20230501,2
269,20230622,2
269,20231002,2
269,20231023,2
269,20231225,2
270,20230124,2
270,20230125,2
270,20230405,2
270,20230622,2
270,20231226,2
271,20230102,2
271,20230123,2
271,20230124,2
271,20230125,2
271,20230405,2
271,20230410,2
271,20230501,2
271,20230622,2
271,20231002,2
271,20231023,2
271,20231225,2
271,20231226,2
272,20230407,2
272,20230526,2
273,20230102,2
273,20230123,2
273,20230407,2
273,20230410,2
273,20230501,2
273,20230526,2
273,20231002,2
273,20231023,2
273,20231225,2
274,20230124,2
274,20230407,2
274,20230526,2
274,20231226,2
275,20230102,2
275,20230123,2
275,20230124,2
275,20230407,2
275,20230410,2
275,20230501,2
275,20230526,2
275,20231002,2
275,20231023,2
275,20231225,2
275,20231226,2
276,20230125,2
276,20230405,2
276,20230407,2
276,20230526,2
277,20230102,2
277,20230123,2
277,20230125,2
277,20230405,2
277,20230407,2
277,20230410,2
277,20230501,2
277,20230526,2
277,20231002,2
277,20231023,2
277,20231225,2
278,20230124,2
278,20230125,2
278,20230405,2
278,20230407,2
278,20230526,2
278,20231226,2
279,20230102,2
279,20230123,2
279,20230124,2
279,20230125,2
279,20230405,2
279,20230407,2
279,20230410,2
279,20230501,2
279,20230526,2
279,20231002,2
279,20231023,2
279,20231225,2
279,20231226,2
280,20230407,2
280,20230526,2
280,20230622,2
281,20230102,2
281,20230123,2
281,20230407,2
281,20230410,2
281,20230501,2
281,20230526,2
281,20230622,2
281,20231002,2
281,20231023,2
281,20231225,2
282,20230124,2
282,20230407,2
282,20230526,2
282,20230622,2
282,20231226,2
283,20230102,2
283,20230123,2
283,20230124,2
283,20230407,2
283,20230410,2
283,20230501,2
283,20230526,2
283,20230622,2
283,20231002,2
283,20231023,2
283,20231225,2
283,20231226,2
284,20230125,2
284,20230405,2
284,20230407,2
284,20230526,2
284,20230622,2
285,20230102,2
285,20230123,2
285,20230125,2
285,20230405,2
285,20230407,2
285,20230410,2
285,20230501,2
285,20230526,2
285,20230622,2
285,20231002,2
285,20231023,2
285,20231225,2
286,20230124,2
286,20230125,2
286,20230405,2
286,20230407,2
286,20230526,2
286,20230622,2
286,20231226,2
287,20230102,2
287,20230123,2
287,20230124,2
287,20230125,2
287,20230405,2
287,20230407,2
287,20230410,2
287,20230501,2
287,20230526,2
287,20230622,2
287,20231002,2
287,20231023,2
287,20231225,2
287,20231226,2
288,20230408,2
288,20230701,2
288,20230930,2
289,20230102,2
289,20230123,2
289,20230408,2
289,20230410,2
289,20230501,2
289,20230701,2
289,20230930,2
289,20231002,2
289,20231023,2
289,20231225,2
290,20230124,2
290,20230408,2
290,20230701,2
290,20230930,2
290,20231226,2
291,20230102,2
291,20230123,2
291,20230124,2
291,20230408,2
291,20230410,2
291,20230501,2
291,20230701,2
291,20230930,2
291,20231002,2
291,20231023,2
291,20231225,2
291,20231226,2
292,20230125,2
292,20230405,2
292,20230408,2
292,20230701,2
292,20230930,2
293,20230102,2
293,20230123,2
293,20230125,2
293,20230405,2
293,20230408,2
293,20230410,2
293,20230501,2
293,20230701,2
293,20230930,2
293,20231002,2
293,20231023,2
293,20231225,2
294,20230124,2
294,20230125,2
294,20230405,2
294,20230408,2
294,20230701,2
294,20230930,2
294,20231226,2
295,20230102,2
295,20230123,2
295,20230124,2
295,20230125,2
295,20230405,2
295,20230408,2
295,20230410,2
295,20230501,2
295,20230701,2
295,20230930,2
295,20231002,2
295,20231023,2
295,20231225,2
295,20231226,2
296,20230408,2
296,20230622,2
296,20230701,2
296,20230930,2
297,20230102,2
297,20230123,2
297,20230408,2
297,20230410,2
297,20230501,2
297,20230622,2
297,20230701,2
297,20230930,2
297,20231002,2
297,20231023,2
297,20231225,2
298,20230124,2
298,20230408,2
298,20230622,2
298,20230701,2
298,20230930,2
298,20231226,2
299,20230102,2
299,20230123,2
299,20230124,2
299,20230408,2
299,20230410,2
299,20230501,2
299,20230622,2
299,20230701,2
299,20230930,2
299,20231002,2
299,20231023,2
299,20231225,2
299,20231226,2
300,20230125,2
300,20230405,2
300,20230408,2
300,20230622,2
300,20230701,2
300,20230930,2
301,20230102,2
301,20230123,2
301,20230125,2
301,20230405,2
301,20230408,2
301,20230410,2
301,20230501,2
301,20230622,2
301,20230701,2
301,20230930,2
301,20231002,2
301,20231023,2
301,20231225,2
302,20230124,2
302,20230125,2
302,20230405,2
302,20230408,2
302,20230622,2
302,20230701,2
302,20230930,2
302,20231226,2
303,20230102,2
303,20230123,2
303,20230124,2
303,20230125,2
303,20230405,2
303,20230408,2
303,20230410,2
303,20230501,2
303,20230622,2
303,20230701,2
303,20230930,2
303,20231002,2
303,20231023,2
303,20231225,2
303,20231226,2
304,20230407,2
304,20230408,2
304,20230526,2
304,20230701,2
304,20230930,2
305,20230102,2
305,20230123,2
305,20230407,2
305,20230408,2
305,20230410,2
305,20230501,2
305,20230526,2
305,20230701,2
305,20230930,2
305,20231002,2
305,20231023,2
305,20231225,2
306,20230124,2
306,20230407,2
306,20230408,2
306,20230526,2
306,20230701,2
306,20230930,2
306,20231226,2
307,20230102,2
307,20230123,2
307,20230124,2
307,20230407,2
307,20230408,2
307,20230410,2
307,20230501,2
307,20230526,2
307,20230701,2
307,20230930,2
307,20231002,2
307,20231023,2
307,20231225,2
307,20231226,2
308,20230125,2
308,20230405,2
308,20230407,2
308,20230408,2
308,20230526,2
308,20230701,2
308,20230930,2
309,20230102,2
309,20230123,2
309,20230125,2
309,20230405,2
309,20230407,2
309,20230408,2
309,20230410,2
309,20230501,2
309,20230526,2
309,20230701,2
309,20230930,2
309,20231002,2
309,20231023,2
309,20231225,2
310,20230124,2
310,20230125,2
310,20230405,2
310,20230407,2
310,20230408,2
310,20230526,2
310,20230701,2
310,20230930,2
310,20231226,2
311,20230102,2
311,20230123,2
311,20230124,2
311,20230125,2
311,20230405,2
311,20230407,2
311,20230408,2
311,20230410,2
311,20230501,2
311,20230526,2
311,20230701,2
311,20230930,2
311,20231002,2
311,20231023,2
311,20231225,2
311,20231226,2
312,20230407,2
312,20230408,2
312,20230526,2
312,20230622,2
312,20230701,2
312,20230930,2
313,20230102,2
313,20230123,2
313,20230407,2
313,20230408,2
313,20230410,2
313,20230501,2
313,20230526,2
313,20230622,2
313,20230701,2
313,20230930,2
313,20231002,2
313,20231023,2
313,20231225,2
314,20230124,2
314,20230407,2
314,20230408,2
314,20230526,2
314,20230622,2
314,20230701,2
314,20230930,2
314,20231226,2
315,20230102,2
315,20230123,2
315,20230124,2
315,20230407,2
315,20230408,2
315,20230410,2
315,20230501,2
315,20230526,2
315,20230622,2
315,20230701,2
315,20230930,2
315,20231002,2
315,20231023,2
315,20231225,2
315,20231226,2
316,20230125,2
316,20230405,2
316,20230407,2
316,20230408,2
316,20230526,2
316,20230622,2
316,20230701,2
316,20230930,2
317,20230102,2
317,20230123,2
317,20230125,2
317,20230405,2
317,20230407,2
317,20230408,2
317,20230410,2
317,20230501,2
317,20230526,2
317,20230622,2
317,20230701,2
317,20230930,2
317,20231002,2
317,20231023,2
317,20231225,2
318,20230124,2
318,20230125,2
318,20230405,2
318,20230407,2
318,20230408,2
318,20230526,2
318,20230622,2
318,20230701,2
318,20230930,2
318,20231226,2
319,20230102,2
319,20230123,2
319,20230124,2
319,20230125,2
319,20230405,2
319,20230407,2
319,20230408,2
319,20230410,2
319,20230501,2
319,20230526,2
319,20230622,2
319,20230701,2
319,20230930,2
319,20231002,2
319,20231023,2
319,20231225,2
319,20231226,2
321,20230102,2
321,20230123,2
321,20230410,2
321,20230501,2
321,20231002,2
321,20231023,2
321,20231225,2
322,20230124,2
322,20231226,2
323,20230102,2
323,20230123,2
323,20230124,2
323,20230410,2
323,20230501,2
323,20231002,2
323,20231023,2
323,20231225,2
323,20231226,2
324,20230125,2
324,20230405,2
325,20230102,2
325,20230123,2
325,20230125,2
325,20230405,2
325,20230410,2
325,20230501,2
325,20231002,2
325,20231023,2
325,20231225,2
326,20230124,2
326,20230125,2
326,20230405,2
326,20231226,2
327,20230102,2
327,20230123,2
327,20230124,2
327,20230125,2
327,20230405,2
327,20230410,2
327,20230501,2
327,20231002,2
327,20231023,2
327,20231225,2
327,20231226,2
328,20230622,2
329,20230102,2
329,20230123,2
329,20230410,2
329,20230501,2
329,20230622,2
329,20231002,2
329,20231023,2
329,20231225,2
330,20230124,2
330,20230622,2
330,20231226,2
331,20230102,2
331,20230123,2
331,20230124,2
331,20230410,2
331,20230501,2
331,20230622,2
331,20231002,2
331,20231023,2
331,20231225,2
331,20231226,2
332,20230125,2
332,20230405,2
332,20230622,2
333,20230102,2
333,20230123,2
333,20230125,2
333,20230405,2
333,20230410,2
333,20230501,2
333,20230622,2
333,20231002,2
333,20231023,2
333,20231225,2
334,20230124,2
334,20230125,2
334,20230405,2
334,20230622,2
334,20231226,2
335,20230102,2
335,20230123,2
335,20230124,2
335,20230125,2
335,20230405,2
335,20230410,2
335,20230501,2
335,20230622,2
335,20231002,2
335,20231023,2
335,20231225,2
335,20231226,2
336,20230407,2
336,20230526,2
337,20230102,2
337,20230123,2
337,20230407,2
337,20230410,2
337,20230501,2
337,20230526,2
337,20231002,2
337,20231023,2
337,20231225,2
338,20230124,2
338,20230407,2
338,20230526,2
338,20231226,2
339,20230102,2
339,20230123,2
339,20230124,2
339,20230407,2
339,20230410,2
339,20230501,2
339,20230526,2
339,20231002,2
339,20231023,2
339,20231225,2
339,20231226,2
340,20230125,2
340,20230405,2
340,20230407,2
340,20230526,2
341,20230102,2
341,20230123,2
341,20230125,2
341,20230405,2
341,20230407,2
341,20230410,2
341,20230501,2
341,20230526,2
341,20231002,2
341,20231023,2
341,20231225,2
342,20230124,2
342,20230125,2
342,20230405,2
342,20230407,2
342,20230526,2
342,20231226,2
343,20230102,2
343,20230123,2
343,20230124,2
343,20230125,2
343,20230405,2
343,20230407,2
343,20230410,2
343,20230501,2
343,20230526,2
343,20231002,2
343,20231023,2
343,20231225,2
343,20231226,2
344,20230407,2
344,20230526,2
344,20230622,2
345,20230102,2
345,20230123,2
345,20230407,2
345,20230410,2
345,20230501,2
345,20230526,2
345,20230622,2
345,20231002,2
345,20231023,2
345,20231225,2
346,20230124,2
346,20230407,2
346,20230526,2
346,20230622,2
346,20231226,2
347,20230102,2
347,20230123,2
347,20230124,2
347,20230407,2
347,20230410,2
347,20230501,2
347,20230526,2
347,20230622,2
347,20231002,2
347,20231023,2
347,20231225,2
347,20231226,2
348,20230125,2
348,20230405,2
348,20230407,2
348,20230526,2
348,20230622,2
349,20230102,2
349,20230123,2
349,20230125,2
349,20230405,2
349,20230407,2
349,20230410,2
349,20230501,2
349,20230526,2
349,20230622,2
349,20231002,2
349,20231023,2
349,20231225,2
350,20230124,2
350,20230125,2
350,20230405,2
350,20230407,2
350,20230526,2
350,20230622,2
350,20231226,2
351,20230102,2
351,20230123,2
351,20230124,2
351,20230125,2
351,20230405,2
351,20230407,2
351,20230410,2
351,20230501,2
351,20230526,2
351,20230622,2
351,20231002,2
351,20231023,2
351,20231225,2
351,20231226,2
352,20230408,2
352,20230701,2
352,20230930,2
353,20230102,2
353,20230123,2
353,20230408,2
353,20230410,2
353,20230501,2
353,20230701,2
353,20230930,2
353,20231002,2
353,20231023,2
353,20231225,2
354,20230124,2
354,20230408,2
354,20230701,2
354,20230930,2
354,20231226,2
355,20230102,2
355,20230123,2
355,20230124,2
355,20230408,2
355,20230410,2
355,20230501,2
355,20230701,2
355,20230930,2
355,20231002,2
355,20231023,2
355,20231225,2
355,20231226,2
356,20230125,2
356,20230405,2
356,20230408,2
356,20230701,2
356,20230930,2
357,20230102,2
357,20230123,2
357,20230125,2
357,20230405,2
357,20230408,2
357,20230410,2
357,20230501,2
357,20230701,2
357,20230930,2
357,20231002,2
357,20231023,2
357,20231225,2
358,20230124,2
358,20230125,2
358,20230405,2
358,20230408,2
358,20230701,2
358,20230930,2
358,20231226,2
359,20230102,2
359,20230123,2
359,20230124,2
359,20230125,2
359,20230405,2
359,20230408,2
359,20230410,2
359,20230501,2
359,20230701,2
359,20230930,2
359,20231002,2
359,20231023,2
359,20231225,2
359,20231226,2
360,20230408,2
360,20230622,2
360,20230701,2
360,20230930,2
361,20230102,2
361,20230123,2
361,20230408,2
361,20230410,2
361,20230501,2
361,20230622,2
361,20230701,2
361,20230930,2
361,20231002,2
361,20231023,2
361,20231225,2
362,20230124,2
362,20230408,2
362,20230622,2
362,20230701,2
362,20230930,2
362,20231226,2
363,20230102,2
363,20230123,2
363,20230124,2
363,20230408,2
363,20230410,2
363,20230501,2
363,20230622,2
363,20230701,2
363,20230930,2
363,20231002,2
363,20231023,2
363,20231225,2
363,20231226,2
364,20230125,2
364,20230405,2
364,20230408,2
364,20230622,2
364,20230701,2
364,20230930,2
365,20230102,2
365,20230123,2
365,20230125,2
365,20230405,2
365,20230408,2
365,20230410,2
365,20230501,2
365,20230622,2
365,20230701,2
365,20230930,2
365,20231002,2
365,20231023,2
365,20231225,2
366,20230124,2
366,20230125,2
366,20230405,2
366,20230408,2
366,20230622,2
366,20230701,2
366,20230930,2
366,20231226,2
367,20230102,2
367,20230123,2
367,20230124,2
367,20230125,2
367,20230405,2
367,20230408,2
367,20230410,2
367,20230501,2
367,20230622,2
367,20230701,2
367,20230930,2
367,20231002,2
367,20231023,2
367,20231225,2
367,20231226,2
368,20230407,2
368,20230408,2
368,20230526,2
368,20230701,2
368,20230930,2
369,20230102,2
369,20230123,2
369,20230407,2
369,20230408,2
369,20230410,2
369,20230501,2
369,20230526,2
369,20230701,2
369,20230930,2
369,20231002,2
369,20231023,2
369,20231225,2
370,20230124,2
370,20230407,2
370,20230408,2
370,20230526,2
370,20230701,2
370,20230930,2
370,20231226,2
371,20230102,2
371,20230123,2
371,20230124,2
371,20230407,2
371,20230408,2
371,20230410,2
371,20230501,2
371,20230526,2
371,20230701,2
371,20230930,2
371,20231002,2
371,20231023,2
371,20231225,2
371,20231226,2
372,20230125,2
372,20230405,2
372,20230407,2
372,20230408,2
372,20230526,2
372,20230701,2
372,20230930,2
373,20230102,2
373,20230123,2
373,20230125,2
373,20230405,2
373,20230407,2
373,20230408,2
373,20230410,2
373,20230501,2
373,20230526,2
373,20230701,2
373,20230930,2
373,20231002,2
373,20231023,2
373,20231225,2
374,20230124,2
374,20230125,2
374,20230405,2
374,20230407,2
374,20230408,2
374,20230526,2
374,20230701,2
374,20230930,2
374,20231226,2
375,20230102,2
375,20230123,2
375,20230124,2
375,20230125,2
375,20230405,2
375,20230407,2
375,20230408,2
375,20230410,2
375,20230501,2
375,20230526,2
375,20230701,2
375,20230930,2
375,20231002,2
375,20231023,2
375,20231225,2
375,20231226,2
376,20230407,2
376,20230408,2
376,20230526,2
376,20230622,2
376,20230701,2
376,20230930,2
377,20230102,2
377,20230123,2
377,20230407,2
377,20230408,2
377,20230410,2
377,20230501,2
377,20230526,2
377,20230622,2
377,20230701,2
377,20230930,2
377,20231002,2
377,20231023,2
377,20231225,2
378,20230124,2
378,20230407,2
378,20230408,2
378,20230526,2
378,20230622,2
378,20230701,2
378,20230930,2
378,20231226,2
379,20230102,2
379,20230123,2
379,20230124,2
379,20230407,2
379,20230408,2
379,20230410,2
379,20230501,2
379,20230526,2
379,20230622,2
379,20230701,2
379,20230930,2
379,20231002,2
379,20231023,2
379,20231225,2
379,20231226,2
380,20230125,2
380,20230405,2
380,20230407,2
380,20230408,2
380,20230526,2
380,20230622,2
380,20230701,2
380,20230930,2
381,20230102,2
381,20230123,2
381,20230125,2
381,20230405,2
381,20230407,2
381,20230408,2
381,20230410,2
381,20230501,2
381,20230526,2
381,20230622,2
381,20230701,2
381,20230930,2
381,20231002,2
381,20231023,2
381,20231225,2
382,20230124,2
382,20230125,2
382,20230405,2
382,20230407,2
382,20230408,2
382,20230526,2
382,20230622,2
382,20230701,2
382,20230930,2
382,20231226,2
383,20230102,2
383,20230123,2
383,20230124,2
383,20230125,2
383,20230405,2
383,20230407,2
383,20230408,2
383,20230410,2
383,20230501,2
383,20230526,2
383,20230622,2
383,20230701,2
383,20230930,2
383,20231002,2
383,20231023,2
383,20231225,2
383,20231226,2
384,20230102,1
384,20230123,1
384,20230124,1
384,20230125,1
384,20230405,1
384,20230407,1
384,20230408,1
384,20230410,1
384,20230501,1
384,20230526,1
384,20230622,1
384,20230701,1
384,20230930,1
384,20231002,1
384,20231023,1
384,20231225,1
384,20231226,1
385,20230124,1
385,20230125,1
385,20230405,1
385,20230407,1
385,20230408,1
385,20230526,1
385,20230622,1
385,20230701,1
385,20230930,1
385,20231226,1
386,20230102,1
386,20230123,1
386,20230125,1
386,20230405,1
386,20230407,1
386,20230408,1
386,20230410,1
386,20230501,1
386,20230526,1
386,20230622,1
386,20230701,1
386,20230930,1
386,20231002,1
386,20231023,1
386,20231225,1
387,20230125,1
387,20230405,1
387,20230407,1
387,20230408,1
387,20230526,1
387,20230622,1
387,20230701,1
387,20230930,1
388,20230102,1
388,20230123,1
388,20230124,1
388,20230407,1
388,20230408,1
388,20230410,1
388,20230501,1
388,20230526,1
388,20230622,1
388,20230701,1
388,20230930,1
388,20231002,1
388,20231023,1
388,20231225,1
388,20231226,1
389,20230124,1
389,20230407,1
389,20230408,1
389,20230526,1
389,20230622,1
389,20230701,1
389,20230930,1
389,20231226,1
390,20230102,1
390,20230123,1
390,20230407,1
390,20230408,1
390,20230410,1
390,20230501,1
390,20230526,1
390,20230622,1
390,20230701,1
390,20230930,1
390,20231002,1
390,20231023,1
390,20231225,1
391,20230407,1
391,20230408,1
391,20230526,1
391,20230622,1
391,20230701,1
391,20230930,1
392,20230102,1
392,20230123,1
392,20230124,1
392,20230125,1
392,20230405,1
392,20230407,1
392,20230408,1
392,20230410,1
392,20230501,1
392,20230526,1
392,20230701,1
392,20230930,1
392,20231002,1
392,20231023,1
392,20231225,1
392,20231226,1
393,20230124,1
393,20230125,1
393,20230405,1
393,20230407,1
393,20230408,1
393,20230526,1
393,20230701,1
393,20230930,1
393,20231226,1
394,20230102,1
394,20230123,1
394,20230125,1
394,20230405,1
394,20230407,1
394,20230408,1
394,20230410,1
394,20230501,1
394,20230526,1
394,20230701,1
394,20230930,1
394,20231002,1
394,20231023,1
394,20231225,1
395,20230125,1
395,20230405,1
395,20230407,1
395,20230408,1
395,20230526,1
395,20230701,1
395,20230930,1
396,20230102,1
396,20230123,1
396,20230124,1
396,20230407,1
396,20230408,1
396,20230410,1
396,20230501,1
396,20230526,1
396,20230701,1
396,20230930,1
396,20231002,1
396,20231023,1
396,20231225,1
396,20231226,1
397,20230124,1
397,20230407,1
397,20230408,1
397,20230526,1
397,20230701,1
397,20230930,1
397,20231226,1
398,20230102,1
398,20230123,1
398,20230407,1
398,20230408,1
398,20230410,1
398,20230501,1
398,20230526,1
398,20230701,1
398,20230930,1
398,20231002,1
398,20231023,1
398,20231225,1
399,20230407,1
399,20230408,1
399,20230526,1
399,20230701,1
399,20230930,1
400,20230102,1
400,20230123,1
400,20230124,1
400,20230125,1
400,20230405,1
400,20230408,1
400,20230410,1
400,20230501,1
400,20230622,1
400,20230701,1
400,20230930,1
400,20231002,1
400,20231023,1
400,20231225,1
400,20231226,1
401,20230124,1
401,20230125,1
401,20230405,1
401,20230408,1
401,20230622,1
401,20230701,1
401,20230930,1
401,20231226,1
402,20230102,1
402,20230123,1
402,20230125,1
402,20230405,1
402,20230408,1
402,20230410,1
402,20230501,1
402,20230622,1
402,20230701,1
402,20230930,1
402,20231002,1
402,20231023,1
402,20231225,1
403,20230125,1
403,20230405,1
403,20230408,1
403,20230622,1
403,20230701,1
403,20230930,1
404,20230102,1
404,20230123,1
404,20230124,1
404,20230408,1
404,20230410,1
404,20230501,1
404,20230622,1
404,20230701,1
404,20230930,1
404,20231002,1
404,20231023,1
404,20231225,1
404,20231226,1
405,20230124,1
405,20230408,1
405,20230622,1
405,20230701,1
405,20230930,1
405,20231226,1
406,20230102,1
406,20230123,1
406,20230408,1
406,20230410,1
406,20230501,1
406,20230622,1
406,20230701,1
406,20230930,1
406,20231002,1
406,20231023,1
406,20231225,1
407,20230408,1
407,20230622,1
407,20230701,1
407,20230930,1
408,20230102,1
408,20230123,1
408,20230124,1
408,20230125,1
408,20230405,1
408,20230408,1
408,20230410,1
408,20230501,1
408,20230701,1
408,20230930,1
408,20231002,1
408,20231023,1
408,20231225,1
408,20231226,1
409,20230124,1
409,20230125,1
409,20230405,1
409,20230408,1
409,20230701,1
409,20230930,1
409,20231226,1
410,20230102,1
410,20230123,1
410,20230125,1
410,20230405,1
410,20230408,1
410,20230410,1
410,20230501,1
410,20230701,1
410,20230930,1
410,20231002,1
410,20231023,1
410,20231225,1
411,20230125,1
411,20230405,1
411,20230408,1
411,20230701,1
411,20230930,1
412,20230102,1
412,20230123,1
412,20230124,1
412,20230408,1
412,20230410,1
412,20230501,1
412,20230701,1
412,20230930,1
412,20231002,1
412,20231023,1
412,20231225,1
412,20231226,1
413,20230124,1
413,20230408,1
413,20230701,1
413,20230930,1
413,20231226,1
414,20230102,1
414,20230123,1
414,20230408,1
414,20230410,1
414,20230501,1
414,20230701,1
414,20230930,1
414,20231002,1
414,20231023,1
414,20231225,1
415,20230408,1
415,20230701,1
415,20230930,1
416,20230102,1
416,20230123,1
416,20230124,1
416,20230125,1
416,20230405,1
416,20230407,1
416,20230410,1
416,20230501,1
416,20230526,1
416,20230622,1
416,20231002,1
416,20231023,1
416,20231225,1
416,20231226,1
417,20230124,1
417,20230125,1
417,20230405,1
417,20230407,1
417,20230526,1
417,20230622,1
417,20231226,1
418,20230102,1
418,20230123,1
418,20230125,1
418,20230405,1
418,20230407,1
418,20230410,1
418,20230501,1
418,20230526,1
418,20230622,1
418,20231002,1
418,20231023,1
418,20231225,1
419,20230125,1
419,20230405,1
419,20230407,1
419,20230526,1
419,20230622,1
420,20230102,1
420,20230123,1
420,20230124,1
420,20230407,1
420,20230410,1
420,20230501,1
420,20230526,1
420,20230622,1
420,20231002,1
420,20231023,1
420,20231225,1
420,20231226,1
421,20230124,1
421,20230407,1
421,20230526,1
421,20230622,1
421,20231226,1
422,20230102,1
422,20230123,1
422,20230407,1
422,20230410,1
422,20230501,1
422,20230526,1
422,20230622,1
422,20231002,1
422,20231023,1
422,20231225,1
423,20230407,1
423,20230526,1
423,20230622,1
424,20230102,1
424,20230123,1
424,20230124,1
424,20230125,1
424,20230405,1
424,20230407,1
424,20230410,1
424,20230501,1
424,20230526,1
424,20231002,1
424,20231023,1
424,20231225,1
424,20231226,1
425,20230124,1
425,20230125,1
425,20230405,1
425,20230407,1
425,20230526,1
425,20231226,1
426,20230102,1
426,20230123,1
426,20230125,1
426,20230405,1
426,20230407,1
426,20230410,1
426,20230501,1
426,20230526,1
426,20231002,1
426,20231023,1
426,20231225,1
427,20230125,1
427,20230405,1
427,20230407,1
427,20230526,1
428,20230102,1
428,20230123,1
428,20230124,1
428,20230407,1
428,20230410,1
428,20230501,1
428,20230526,1
428,20231002,1
428,20231023,1
428,20231225,1
428,20231226,1
429,20230124,1
429,20230407,1
429,20230526,1
429,20231226,1
430,20230102,1
430,20230123,1
430,20230407,1
430,20230410,1
430,20230501,1
430,20230526,1
430,20231002,1
430,20231023,1
430,20231225,1
431,20230407,1
431,20230526,1
432,20230102,1
432,20230123,1
432,20230124,1
432,20230125,1
432,20230405,1
432,20230410,1
432,20230501,1
432,20230622,1
432,20231002,1
432,20231023,1
432,20231225,1
432,20231226,1
433,20230124,1
433,20230125,1
433,20230405,1
433,20230622,1
433,20231226,1
434,20230102,1
434,20230123,1
434,20230125,1
434,20230405,1
434,20230410,1
434,20230501,1
434,20230622,1
434,20231002,1
434,20231023,1
434,20231225,1
435,20230125,1
435,20230405,1
435,20230622,1
436,20230102,1
436,20230123,1
436,20230124,1
436,20230410,1
436,20230501,1
436,20230622,1
436,20231002,1
436,20231023,1
436,20231225,1
436,20231226,1
437,20230124,1
437,20230622,1
437,20231226,1
438,20230102,1
438,20230123,1
438,20230410,1
438,20230501,1
438,20230622,1
438,20231002,1
438,20231023,1
438,20231225,1
439,20230622,1
440,20230102,1
440,20230123,1
440,20230124,1
440,20230125,1
440,20230405,1
440,20230410,1
440,20230501,1
440,20231002,1
440,20231023,1
440,20231225,1
440,20231226,1
441,20230124,1
441,20230125,1
441,20230405,1
441,20231226,1
442,20230102,1
442,20230123,1
442,20230125,1
442,20230405,1
442,20230410,1
442,20230501,1
442,20231002,1
442,20231023,1
442,20231225,1
443,20230125,1
443,20230405,1
444,20230102,1
444,20230123,1
444,20230124,1
444,20230410,1
444,20230501,1
444,20231002,1
444,20231023,1
444,20231225,1
444,20231226,1
445,20230124,1
445,20231226,1
446,20230102,1
446,20230123,1
446,20230410,1
446,20230501,1
446,20231002,1
446,20231023,1
446,20231225,1
448,20230102,1
448,20230123,1
448,20230124,1
448,20230125,1
448,20230405,1
448,20230407,1
448,20230408,1
448,20230410,1
448,20230501,1
448,20230526,1
448,20230622,1
448,20230701,1
448,20230930,1
448,20231002,1
448,20231023,1
448,20231225,1
448,20231226,1
449,20230124,1
449,20230125,1
449,20230405,1
449,20230407,1
449,20230408,1
449,20230526,1
449,20230622,1
449,20230701,1
449,20230930,1
449,20231226,1
450,20230102,1
450,20230123,1
450,20230125,1
450,20230405,1
450,20230407,1
450,20230408,1
450,20230410,1
450,20230501,1
450,20230526,1
450,20230622,1
450,20230701,1
450,20230930,1
450,20231002,1
450,20231023,1
450,20231225,1
451,20230125,1
451,20230405,1
451,20230407,1
451,20230408,1
451,20230526,1
451,20230622,1
451,20230701,1
451,20230930,1
452,20230102,1
452,20230123,1
452,20230124,1
452,20230407,1
452,20230408,1
452,20230410,1
452,20230501,1
452,20230526,1
452,20230622,1
452,20230701,1
452,20230930,1
452,20231002,1
452,20231023,1
452,20231225,1
452,20231226,1
453,20230124,1
453,20230407,1
453,20230408,1
453,20230526,1
453,20230622,1
453,20230701,1
453,20230930,1
453,20231226,1
454,20230102,1
454,20230123,1
454,20230407,1
454,20230408,1
454,20230410,1
454,20230501,1
454,20230526,1
454,20230622,1
454,20230701,1
454,20230930,1
454,20231002,1
454,20231023,1
454,20231225,1
455,20230407,1
455,20230408,1
455,20230526,1
455,20230622,1
455,20230701,1
455,20230930,1
456,20230102,1
456,20230123,1
456,20230124,1
456,20230125,1
456,20230405,1
456,20230407,1
456,20230408,1
456,20230410,1
456,20230501,1
456,20230526,1
456,20230701,1
456,20230930,1
456,20231002,1
456,20231023,1
456,20231225,1
456,20231226,1
457,20230124,1
457,20230125,1
457,20230405,1
457,20230407,1
457,20230408,1
457,20230526,1
457,20230701,1
457,20230930,1
457,20231226,1
458,20230102,1
458,20230123,1
458,20230125,1
458,20230405,1
458,20230407,1
458,20230408,1
458,20230410,1
458,20230501,1
458,20230526,1
458,20230701,1
458,20230930,1
458,20231002,1
458,20231023,1
458,20231225,1
459,20230125,1
459,20230405,1
459,20230407,1
459,20230408,1
459,20230526,1
459,20230701,1
459,20230930,1
460,20230102,1
460,20230123,1
460,20230124,1
460,20230407,1
460,20230408,1
460,20230410,1
460,20230501,1
460,20230526,1
460,20230701,1
460,20230930,1
460,20231002,1
460,20231023,1
460,20231225,1
460,20231226,1
461,20230124,1
461,20230407,1
461,20230408,1
461,20230526,1
461,20230701,1
461,20230930,1
461,20231226,1
462,20230102,1
462,20230123,1
462,20230407,1
462,20230408,1
462,20230410,1
462,20230501,1
462,20230526,1
462,20230701,1
462,20230930,1
462,20231002,1
462,20231023,1
462,20231225,1
463,20230407,1
463,20230408,1
463,20230526,1
463,20230701,1
463,20230930,1
464,20230102,1
464,20230123,1
464,20230124,1
464,20230125,1
464,20230405,1
464,20230408,1
464,20230410,1
464,20230501,1
464,20230622,1
464,20230701,1
464,20230930,1
464,20231002,1
464,20231023,1
464,20231225,1
464,20231226,1
465,20230124,1
465,20230125,1
465,20230405,1
465,20230408,1
465,20230622,1
465,20230701,1
465,20230930,1
465,20231226,1
466,20230102,1
466,20230123,1
466,20230125,1
466,20230405,1
466,20230408,1
466,20230410,1
466,20230501,1
466,20230622,1
466,20230701,1
466,20230930,1
466,20231002,1
466,20231023,1
466,20231225,1
467,20230125,1
467,20230405,1
467,20230408,1
467,20230622,1
467,20230701,1
467,20230930,1
468,20230102,1
468,20230123,1
468,20230124,1
468,20230408,1
468,20230410,1
468,20230501,1
468,20230622,1
468,20230701,1
468,20230930,1
468,20231002,1
468,20231023,1
468,20231225,1
468,20231226,1
469,20230124,1
469,20230408,1
469,20230622,1
469,20230701,1
469,20230930,1
469,20231226,1
470,20230102,1
470,20230123,1
470,20230408,1
470,20230410,1
470,20230501,1
470,20230622,1
470,20230701,1
470,20230930,1
470,20231002,1
470,20231023,1
470,20231225,1
471,20230408,1
471,20230622,1
471,20230701,1
471,20230930,1
472,20230102,1
472,20230123,1
472,20230124,1
472,20230125,1
472,20230405,1
472,20230408,1
472,20230410,1
472,20230501,1
472,20230701,1
472,20230930,1
472,20231002,1
472,20231023,1
472,20231225,1
472,20231226,1
473,20230124,1
473,20230125,1
473,20230405,1
473,20230408,1
473,20230701,1
473,20230930,1
473,20231226,1
474,20230102,1
474,20230123,1
474,20230125,1
474,20230405,1
474,20230408,1
474,20230410,1
474,20230501,1
474,20230701,1
474,20230930,1
474,20231002,1
474,20231023,1
474,20231225,1
475,20230125,1
475,20230405,1
475,20230408,1
475,20230701,1
475,20230930,1
476,20230102,1
476,20230123,1
476,20230124,1
476,20230408,1
476,20230410,1
476,20230501,1
476,20230701,1
476,20230930,1
476,20231002,1
476,20231023,1
476,20231225,1
476,20231226,1
477,20230124,1
477,20230408,1
477,20230701,1
477,20230930,1
477,20231226,1
478,20230102,1
478,20230123,1
478,20230408,1
478,20230410,1
478,20230501,1
478,20230701,1
478,20230930,1
478,20231002,1
478,20231023,1
478,20231225,1
479,20230408,1
479,20230701,1
479,20230930,1
480,20230102,1
480,20230123,1
480,20230124,1
480,20230125,1
480,20230405,1
480,20230407,1
480,20230410,1
480,20230501,1
480,20230526,1
480,20230622,1
480,20231002,1
480,20231023,1
480,20231225,1
480,20231226,1
481,20230124,1
481,20230125,1
481,20230405,1
481,20230407,1
481,20230526,1
481,20230622,1
481,20231226,1
482,20230102,1
482,20230123,1
482,20230125,1
482,20230405,1
482,20230407,1
482,20230410,1
482,20230501,1
482,20230526,1
482,20230622,1
482,20231002,1
482,20231023,1
482,20231225,1
483,20230125,1
483,20230405,1
483,20230407,1
483,20230526,1
483,20230622,1
484,20230102,1
484,20230123,1
484,20230124,1
484,20230407,1
484,20230410,1
484,20230501,1
484,20230526,1
484,20230622,1
484,20231002,1
484,20231023,1
484,20231225,1
484,20231226,1
485,20230124,1
485,20230407,1
485,20230526,1
485,20230622,1
485,20231226,1
486,20230102,1
486,20230123,1
486,20230407,1
486,20230410,1
486,20230501,1
486,20230526,1
486,20230622,1
486,20231002,1
486,20231023,1
486,20231225,1
487,20230407,1
487,20230526,1
487,20230622,1
488,20230102,1
488,20230123,1
488,20230124,1
488,20230125,1
488,20230405,1
488,20230407,1
488,20230410,1
488,20230501,1
488,20230526,1
488,20231002,1
488,20231023,1
488,20231225,1
488,20231226,1
489,20230124,1
489,20230125,1
489,20230405,1
489,20230407,1
489,20230526,1
489,20231226,1
490,20230102,1
490,20230123,1
490,20230125,1
490,20230405,1
490,20230407,1
490,20230410,1
490,20230501,1
490,20230526,1
490,20231002,1
490,20231023,1
490,20231225,1
491,20230125,1
491,20230405,1
491,20230407,1
491,20230526,1
492,20230102,1
492,20230123,1
492,20230124,1
492,20230407,1
492,20230410,1
492,20230501,1
492,20230526,1
492,20231002,1
492,20231023,1
492,20231225,1
492,20231226,1
493,20230124,1
493,20230407,1
493,20230526,1
493,20231226,1
494,20230102,1
494,20230123,1
494,20230407,1
494,20230410,1
494,20230501,1
494,20230526,1
494,20231002,1
494,20231023,1
494,20231225,1
495,20230407,1
495,20230526,1
496,20230102,1
496,20230123,1
496,20230124,1
496,20230125,1
496,20230405,1
496,20230410,1
496,20230501,1
496,20230622,1
496,20231002,1
496,20231023,1
496,20231225,1
496,20231226,1
497,20230124,1
497,20230125,1
497,20230405,1
497,20230622,1
497,20231226,1
498,20230102,1
498,20230123,1
498,20230125,1
498,20230405,1
498,20230410,1
498,20230501,1
498,20230622,1
498,20231002,1
498,20231023,1
498,20231225,1
499,20230125,1
499,20230405,1
499,20230622,1
500,20230102,1
500,20230123,1
500,20230124,1
500,20230410,1
500,20230501,1
500,20230622,1
500,20231002,1
500,20231023,1
500,20231225,1
500,20231226,1
501,20230124,1
501,20230622,1
501,20231226,1
502,20230102,1
502,20230123,1
502,20230410,1
502,20230501,1
502,20230622,1
502,20231002,1
502,20231023,1
502,20231225,1
503,20230622,1
504,20230102,1
504,20230123,1
504,20230124,1
504,20230125,1
504,20230405,1
504,20230410,1
504,20230501,1
504,20231002,1
504,20231023,1
504,20231225,1
504,20231226,1
505,20230124,1
505,20230125,1
505,20230405,1
505,20231226,1
506,20230102,1
506,20230123,1
506,20230125,1
506,20230405,1
506,20230410,1
506,20230501,1
506,20231002,1
506,20231023,1
506,20231225,1
507,20230125,1
507,20230405,1
508,20230102,1
508,20230123,1
508,20230124,1
508,20230410,1
508,20230501,1
508,20231002,1
508,20231023,1
508,20231225,1
508,20231226,1
509,20230124,1
509,20231226,1
510,20230102,1
510,20230123,1
510,20230410,1
510,20230501,1
510,20231002,1
510,20231023,1
510,20231225,1
